UNITS=MM
#Layer_Color=16711935
#
#Feature symbol names
#
$0 r99.9998
$1 r152.4
$2 r199.9996

#
#Feature attribute names
#

#
#Layer features
#
L 0.72474582 13.84468656 0.72474582 17.04468524 2 P 0
L 0.72474582 13.84468656 3.5247453 13.84468656 2 P 0
L 0.72474582 17.04468524 3.5247453 17.04468524 2 P 0
L 1.70000168 16.02132178 1.70000168 21.02132194 2 P 0
L 1.70000168 16.02132178 4.90000036 16.02132178 2 P 0
L 1.70000168 21.02132194 4.90000036 21.02132194 2 P 0
L 3.5247453 13.84468656 3.5247453 17.04468524 2 P 0
L 4.90000036 16.02132178 4.90000036 21.02132194 2 P 0
L 9.39999898 14.37500046 9.39999898 21.3750017 0 P 0
L 9.39999898 14.37500046 16.40000022 14.37500046 0 P 0
L 9.39999898 14.875002 9.90000052 14.37500046 0 P 0
L 9.39999898 21.3750017 16.40000022 21.3750017 0 P 0
L 12.28579966 5.46079934 12.28579966 10.43919934 1 P 0
L 12.28579966 5.46079934 17.26419966 5.46079934 1 P 0
L 12.28579966 6.04499934 12.28579966 6.34979934 1 P 0
L 12.28579966 6.55299934 12.28579966 6.85779934 1 P 0
L 12.28579966 7.03559934 12.28579966 7.34039934 1 P 0
L 12.28579966 7.54359934 12.28579966 7.84839934 1 P 0
L 12.28579966 8.05159934 12.28579966 8.35639934 1 P 0
L 12.28579966 8.55959934 12.28579966 8.86439934 1 P 0
L 12.28579966 9.04219934 12.28579966 9.34699934 1 P 0
L 12.28579966 9.55019934 12.28579966 9.85499934 1 P 0
L 12.28579966 10.43919934 17.26419966 10.43919934 1 P 0
L 12.86999966 5.46079934 13.17479966 5.46079934 1 P 0
L 12.86999966 10.43919934 13.17479966 10.43919934 1 P 0
L 13.37799966 5.46079934 13.68279966 5.46079934 1 P 0
L 13.37799966 10.43919934 13.68279966 10.43919934 1 P 0
L 13.86059966 5.46079934 14.16539966 5.46079934 1 P 0
L 13.86059966 10.43919934 14.16539966 10.43919934 1 P 0
L 14.36859966 5.46079934 14.67339966 5.46079934 1 P 0
L 14.36859966 10.43919934 14.67339966 10.43919934 1 P 0
L 14.87659966 5.46079934 15.18139966 5.46079934 1 P 0
L 14.87659966 10.43919934 15.18139966 10.43919934 1 P 0
L 15.38459966 5.46079934 15.68939966 5.46079934 1 P 0
L 15.38459966 10.43919934 15.68939966 10.43919934 1 P 0
L 15.86719966 5.46079934 16.17199966 5.46079934 1 P 0
L 15.86719966 10.43919934 16.17199966 10.43919934 1 P 0
L 15.99419966 5.46079934 17.26419966 6.73079934 1 P 0
L 16.37519966 5.46079934 16.67999966 5.46079934 1 P 0
L 16.37519966 10.43919934 16.67999966 10.43919934 1 P 0
L 16.40000022 14.37500046 16.40000022 21.3750017 0 P 0
L 17.26419966 5.46079934 17.26419966 10.43919934 1 P 0
L 17.26419966 6.04499934 17.26419966 6.34979934 1 P 0
L 17.26419966 6.55299934 17.26419966 6.85779934 1 P 0
L 17.26419966 7.03559934 17.26419966 7.34039934 1 P 0
L 17.26419966 7.54359934 17.26419966 7.84839934 1 P 0
L 17.26419966 8.05159934 17.26419966 8.35639934 1 P 0
L 17.26419966 8.55959934 17.26419966 8.86439934 1 P 0
L 17.26419966 9.04219934 17.26419966 9.34699934 1 P 0
L 17.26419966 9.55019934 17.26419966 9.85499934 1 P 0
L 18.8500004 20.55000208 18.8500004 21.45000028 0 P 0
L 18.8500004 20.55000208 20.55000208 20.55000208 0 P 0
L 18.8500004 20.97499996 19.27500082 20.55000208 0 P 0
L 18.8500004 21.45000028 20.55000208 21.45000028 0 P 0
L 20.55000208 20.55000208 20.55000208 21.45000028 0 P 0
L 20.57500076 16.50000002 20.57500076 20.40000238 0 P 0
L 20.57500076 16.50000002 25.47500112 16.50000002 0 P 0
L 20.57500076 20.40000238 25.47500112 20.40000238 0 P 0
L 21.27502984 8.55000068 21.27502984 11.54999976 0 P 0
L 21.27502984 8.55000068 24.27502892 8.55000068 0 P 0
L 21.27502984 10.90000106 21.92502854 11.54999976 0 P 0
L 21.27502984 11.54999976 24.27502892 11.54999976 0 P 0
L 23.36200306 13.82499902 23.36200306 15.4250009 0 P 0
L 23.36200306 13.82499902 24.56200066 13.82499902 0 P 0
L 23.36200306 15.4250009 24.56200066 15.4250009 0 P 0
L 24.06200166 15.4250009 24.56200066 14.92499936 0 P 0
L 24.20500112 20.40000238 25.47500112 19.13000238 0 P 0
L 24.27502892 8.55000068 24.27502892 11.54999976 0 P 0
L 24.56200066 13.82499902 24.56200066 15.4250009 0 P 0
L 25.47500112 16.50000002 25.47500112 20.40000238 0 P 0
L 31.48579936 12.9358009 31.48579936 17.9142009 1 P 0
L 31.48579936 12.9358009 36.46419936 12.9358009 1 P 0
L 31.48579936 13.5200009 31.48579936 13.8248009 1 P 0
L 31.48579936 14.0280009 31.48579936 14.3328009 1 P 0
L 31.48579936 14.2058009 32.75579936 12.9358009 1 P 0
L 31.48579936 14.5106009 31.48579936 14.8154009 1 P 0
L 31.48579936 15.0186009 31.48579936 15.3234009 1 P 0
L 31.48579936 15.5266009 31.48579936 15.8314009 1 P 0
L 31.48579936 16.0346009 31.48579936 16.3394009 1 P 0
L 31.48579936 16.5172009 31.48579936 16.8220009 1 P 0
L 31.48579936 17.0252009 31.48579936 17.3300009 1 P 0
L 31.48579936 17.9142009 36.46419936 17.9142009 1 P 0
L 32.06999936 12.9358009 32.37479936 12.9358009 1 P 0
L 32.06999936 17.9142009 32.37479936 17.9142009 1 P 0
L 32.57799936 12.9358009 32.88279936 12.9358009 1 P 0
L 32.57799936 17.9142009 32.88279936 17.9142009 1 P 0
L 33.06059936 12.9358009 33.36539936 12.9358009 1 P 0
L 33.06059936 17.9142009 33.36539936 17.9142009 1 P 0
L 33.56859936 12.9358009 33.87339936 12.9358009 1 P 0
L 33.56859936 17.9142009 33.87339936 17.9142009 1 P 0
L 34.07659936 12.9358009 34.38139936 12.9358009 1 P 0
L 34.07659936 17.9142009 34.38139936 17.9142009 1 P 0
L 34.58459936 12.9358009 34.88939936 12.9358009 1 P 0
L 34.58459936 17.9142009 34.88939936 17.9142009 1 P 0
L 35.06719936 12.9358009 35.37199936 12.9358009 1 P 0
L 35.06719936 17.9142009 35.37199936 17.9142009 1 P 0
L 35.57519936 12.9358009 35.87999936 12.9358009 1 P 0
L 35.57519936 17.9142009 35.87999936 17.9142009 1 P 0
L 36.46419936 12.9358009 36.46419936 17.9142009 1 P 0
L 36.46419936 13.5200009 36.46419936 13.8248009 1 P 0
L 36.46419936 14.0280009 36.46419936 14.3328009 1 P 0
L 36.46419936 14.5106009 36.46419936 14.8154009 1 P 0
L 36.46419936 15.0186009 36.46419936 15.3234009 1 P 0
L 36.46419936 15.5266009 36.46419936 15.8314009 1 P 0
L 36.46419936 16.0346009 36.46419936 16.3394009 1 P 0
L 36.46419936 16.5172009 36.46419936 16.8220009 1 P 0
L 36.46419936 17.0252009 36.46419936 17.3300009 1 P 0
L 38.79999606 8.24999874 38.79999606 9.55000122 0 P 0
L 38.79999606 8.24999874 41.69999534 8.24999874 0 P 0
L 38.79999606 9.20999936 39.75999668 8.24999874 0 P 0
L 38.79999606 9.55000122 41.69999534 9.55000122 0 P 0
L 41.69999534 8.24999874 41.69999534 9.55000122 0 P 0
L 43.77499754 8.71000036 43.77499754 11.60999964 0 P 0
L 43.77499754 8.71000036 45.07500002 8.71000036 0 P 0
L 43.77499754 11.60999964 45.07500002 11.60999964 0 P 0
L 44.1149994 8.71000036 45.07500002 9.67000098 0 P 0
L 45.07500002 8.71000036 45.07500002 11.60999964 0 P 0
L 46.77499916 19.40000184 46.77499916 20.20000024 0 P 0
L 46.77499916 19.40000184 48.37500104 19.40000184 0 P 0
L 46.77499916 20.20000024 48.37500104 20.20000024 0 P 0
L 46.79999784 21.50000018 46.79999784 22.29999858 0 P 0
L 46.79999784 21.50000018 48.39999972 21.50000018 0 P 0
L 46.79999784 22.29999858 48.39999972 22.29999858 0 P 0
L 47.45000162 8.20000138 47.45000162 15.20000262 0 P 0
L 47.45000162 8.20000138 52.45000178 8.20000138 0 P 0
L 47.45000162 13.45000104 49.20000066 15.20000262 0 P 0
L 47.45000162 15.20000262 52.45000178 15.20000262 0 P 0
L 48.10800132 19.40000184 48.37500104 19.66700156 0 P 0
L 48.133 21.50000018 48.39999972 21.7669999 0 P 0
L 48.37500104 19.40000184 48.37500104 20.20000024 0 P 0
L 48.39999972 21.50000018 48.39999972 22.29999858 0 P 0
L 51.57502004 19.32500072 51.57502004 20.12499912 0 P 0
L 51.57502004 19.32500072 53.17502192 19.32500072 0 P 0
L 51.57502004 20.12499912 53.17502192 20.12499912 0 P 0
L 51.57502004 21.50000018 51.57502004 22.29999858 0 P 0
L 51.57502004 21.50000018 53.17502192 21.50000018 0 P 0
L 51.57502004 22.29999858 53.17502192 22.29999858 0 P 0
L 52.45000178 8.20000138 52.45000178 15.20000262 0 P 0
L 52.9080222 19.32500072 53.17502192 19.59200044 0 P 0
L 52.9080222 21.50000018 53.17502192 21.7669999 0 P 0
L 53.17502192 19.32500072 53.17502192 20.12499912 0 P 0
L 53.17502192 21.50000018 53.17502192 22.29999858 0 P 0
L 54.80025108 7.67500116 54.80025108 10.57500044 0 P 0
L 54.80025108 7.67500116 56.10025356 7.67500116 0 P 0
L 54.80025108 9.61499982 55.7602517 10.57500044 0 P 0
L 54.80025108 10.57500044 56.10025356 10.57500044 0 P 0
L 56.10025356 7.67500116 56.10025356 10.57500044 0 P 0
L 59.89999958 18.4500012 59.89999958 21.35000048 0 P 0
L 59.89999958 18.4500012 61.50000146 18.4500012 0 P 0
L 59.89999958 21.35000048 61.50000146 21.35000048 0 P 0
L 60.55000082 18.4500012 61.50000146 19.40000184 0 P 0
L 61.50000146 18.4500012 61.50000146 21.35000048 0 P 0
