#Layer_Color=8388736
#
#Feature symbol names
#
$0 r3.937

#
#Feature attribute names
#

#
#Layer features
#
L 2.3228346 0.734252 2.5600394 0.734252 0 P 0
L 2.3730314 0.5468503 2.3730314 0.5870078 0 P 0
L 2.3730314 0.5468503 2.625 0.5468503 0 P 0
L 2.3730314 0.5870078 2.5600394 0.5870078 0 P 0
L 2.3730314 0.8814962 2.3730314 0.9216537 0 P 0
L 2.3730314 0.8814962 2.5600394 0.8814962 0 P 0
L 2.3730314 0.9216537 2.625 0.9216537 0 P 0
L 2.4848425 0.7243587 2.4848425 0.7441453 0 P 0
L 2.4848425 0.7243587 2.5600394 0.7243587 0 P 0
L 2.4848425 0.7441453 2.5600394 0.7441453 0 P 0
L 2.5600394 0.5468503 2.5600394 0.734252 0 P 0
L 2.5600394 0.734252 2.5600394 0.9216537 0 P 0
L 2.625 0.5468503 2.625 0.9216537 0 P 0
L 2.625 0.637898 2.7379922 0.637898 0 P 0
L 2.625 0.8308375 2.7379922 0.8308375 0 P 0
L 2.7379922 0.637898 2.7379922 0.8308377 0 P 0
L 2.7379922 0.637898 2.752756 0.6293309 0 P 0
L 2.7379922 0.8308375 2.752756 0.8391733 0 P 0
L 2.752756 0.627453 2.752756 0.8411418 0 P 0
L 2.752756 0.627453 2.7610631 0.6124409 0 P 0
L 2.752756 0.627453 2.7664962 0.8560631 0 P 0
L 2.752756 0.627453 2.7748033 0.8411418 0 P 0
L 2.752756 0.6293309 2.7610631 0.8560631 0 P 0
L 2.752756 0.8411418 2.7610631 0.8560631 0 P 0
L 2.7610631 0.6124409 2.7664962 0.6124409 0 P 0
L 2.7610631 0.6124409 2.7831104 0.8560631 0 P 0
L 2.7610631 0.8560631 2.7664962 0.8560631 0 P 0
L 2.7664962 0.6124409 2.7748033 0.6273622 0 P 0
L 2.7664962 0.6124409 2.7885434 0.8560631 0 P 0
L 2.7664962 0.8560631 2.7748033 0.8411418 0 P 0
L 2.7748033 0.6273622 2.7831104 0.6124409 0 P 0
L 2.7748033 0.6273622 2.7968505 0.8411418 0 P 0
L 2.7748033 0.8411418 2.7831104 0.8560631 0 P 0
L 2.7831104 0.6124409 2.7885434 0.6124409 0 P 0
L 2.7831104 0.6124409 2.8051576 0.8560631 0 P 0
L 2.7831104 0.8560631 2.7885434 0.8560631 0 P 0
L 2.7885434 0.6124409 2.7968505 0.6273622 0 P 0
L 2.7885434 0.6124409 2.8105907 0.8560631 0 P 0
L 2.7885434 0.8560631 2.7968505 0.8411418 0 P 0
L 2.7968505 0.6273622 2.8051576 0.6124409 0 P 0
L 2.7968505 0.6273622 2.8188978 0.8411418 0 P 0
L 2.7968505 0.8411418 2.8051576 0.8560631 0 P 0
L 2.8051576 0.6124409 2.8105907 0.6124409 0 P 0
L 2.8051576 0.6124409 2.8272049 0.8560631 0 P 0
L 2.8051576 0.8560631 2.8105907 0.8560631 0 P 0
L 2.8105907 0.6124409 2.8188978 0.6273622 0 P 0
L 2.8105907 0.6124409 2.8326379 0.8560631 0 P 0
L 2.8105907 0.8560631 2.8188978 0.8411418 0 P 0
L 2.8188978 0.6273622 2.8272049 0.6124409 0 P 0
L 2.8188978 0.6273622 2.840945 0.8411418 0 P 0
L 2.8188978 0.8411418 2.8272049 0.8560631 0 P 0
L 2.8272049 0.6124409 2.8326379 0.6124409 0 P 0
L 2.8272049 0.6124409 2.8492521 0.8560631 0 P 0
L 2.8272049 0.8560631 2.8326379 0.8560631 0 P 0
L 2.8326379 0.6124409 2.840945 0.6273622 0 P 0
L 2.8326379 0.6124409 2.8546852 0.8560631 0 P 0
L 2.8326379 0.8560631 2.840945 0.8411418 0 P 0
L 2.840945 0.6273622 2.8492521 0.6124409 0 P 0
L 2.840945 0.6273622 2.8629923 0.8411418 0 P 0
L 2.840945 0.8411418 2.8492521 0.8560631 0 P 0
L 2.8492521 0.6124409 2.8546852 0.6124409 0 P 0
L 2.8492521 0.6124409 2.8712994 0.8560631 0 P 0
L 2.8492521 0.8560631 2.8546852 0.8560631 0 P 0
L 2.8546852 0.6124409 2.8629923 0.6273622 0 P 0
L 2.8546852 0.6124409 2.8767325 0.8560631 0 P 0
L 2.8546852 0.8560631 2.8629923 0.8411418 0 P 0
L 2.8629923 0.6273622 2.8712994 0.6124409 0 P 0
L 2.8629923 0.6273622 2.8850396 0.8411418 0 P 0
L 2.8629923 0.8411418 2.8712994 0.8560631 0 P 0
L 2.8712994 0.6124409 2.8767325 0.6124409 0 P 0
L 2.8712994 0.6124409 2.8933466 0.8560631 0 P 0
L 2.8712994 0.8560631 2.8767325 0.8560631 0 P 0
L 2.8767325 0.6124409 2.8850396 0.6273622 0 P 0
L 2.8767325 0.6124409 2.8987797 0.8560631 0 P 0
L 2.8767325 0.8560631 2.8850396 0.8411418 0 P 0
L 2.8850396 0.6273622 2.8933466 0.6124409 0 P 0
L 2.8850396 0.6273622 2.9070868 0.8391733 0 P 0
L 2.8850396 0.8411418 2.8933466 0.8560631 0 P 0
L 2.8933466 0.6124409 2.8987797 0.6124409 0 P 0
L 2.8933466 0.6124409 2.9070868 0.8391733 0 P 0
L 2.8933466 0.8560631 2.8987797 0.8560631 0 P 0
L 2.8987797 0.6124409 2.9070868 0.6273622 0 P 0
L 2.8987797 0.6124409 2.9070868 0.8391733 0 P 0
L 2.8987797 0.8560631 2.9070868 0.8391733 0 P 0
L 2.9070868 0.6273622 2.9070868 0.8391733 0 P 0
L 2.9070868 0.6293307 2.9352364 0.6293307 0 P 0
L 2.9070868 0.8391733 2.9352364 0.8391733 0 P 0
L 2.9352364 0.6293307 2.9352364 0.8391733 0 P 0
