#Layer_Color=8388736
#
#Feature symbol names
#
$0 r3.937

#
#Feature attribute names
#

#
#Layer features
#
L 0.1578278 0.8198836 0.1578278 0.8887812 0 P 0
L 0.1578278 0.8198836 0.1952294 0.8198836 0 P 0
L 0.1578278 0.8887812 0.1952294 0.8887812 0 P 0
L 0.1909417 0.4685023 0.1909417 0.5373999 0 P 0
L 0.1909417 0.4685023 0.2283433 0.4685023 0 P 0
L 0.1909417 0.5373999 0.2283433 0.5373999 0 P 0
L 0.1952294 0.8198836 0.1952294 0.8887812 0 P 0
L 0.2283433 0.4685023 0.2283433 0.5373999 0 P 0
L 0.2883858 0.3887795 0.2883858 0.4399607 0 P 0
L 0.2883858 0.3887795 0.398622 0.3887795 0 P 0
L 0.2883858 0.4399607 0.398622 0.4399607 0 P 0
L 0.2883858 0.5846456 0.2883858 0.6358268 0 P 0
L 0.2883858 0.5846456 0.398622 0.5846456 0 P 0
L 0.2883858 0.6358268 0.398622 0.6358268 0 P 0
L 0.3061023 0.1577442 0.3061023 0.2266418 0 P 0
L 0.3061023 0.1577442 0.3435039 0.1577442 0 P 0
L 0.3061023 0.2266418 0.3435039 0.2266418 0 P 0
L 0.3090552 0.3297244 0.3090552 0.367126 0 P 0
L 0.3090552 0.3297244 0.3779528 0.3297244 0 P 0
L 0.3090552 0.367126 0.3779528 0.367126 0 P 0
L 0.3090552 0.5256005 0.3090552 0.5630021 0 P 0
L 0.3090552 0.5256005 0.3779528 0.5256005 0 P 0
L 0.3090552 0.5630021 0.3779528 0.5630021 0 P 0
L 0.3100394 0.4606299 0.3100394 0.4980315 0 P 0
L 0.3100394 0.4606299 0.378937 0.4606299 0 P 0
L 0.3100394 0.4980315 0.378937 0.4980315 0 P 0
L 0.3435039 0.1577442 0.3435039 0.2266418 0 P 0
L 0.3779528 0.3297244 0.3779528 0.367126 0 P 0
L 0.3779528 0.5256005 0.3779528 0.5630021 0 P 0
L 0.378937 0.4606299 0.378937 0.4980315 0 P 0
L 0.398622 0.3887795 0.398622 0.4399607 0 P 0
L 0.398622 0.5846456 0.398622 0.6358268 0 P 0
L 0.4931102 0.8218504 0.4931102 0.890748 0 P 0
L 0.4931102 0.8218504 0.5305118 0.8218504 0 P 0
L 0.4931102 0.890748 0.5305118 0.890748 0 P 0
L 0.5305118 0.8218504 0.5305118 0.890748 0 P 0
L 0.542326 0.8375967 0.542326 0.9064943 0 P 0
L 0.542326 0.8375967 0.5797276 0.8375967 0 P 0
L 0.542326 0.9064943 0.5797276 0.9064943 0 P 0
L 0.5797276 0.8375967 0.5797276 0.9064943 0 P 0
L 0.580707 0.4704756 0.580707 0.5078772 0 P 0
L 0.580707 0.4704756 0.6496046 0.4704756 0 P 0
L 0.580707 0.5078772 0.6496046 0.5078772 0 P 0
L 0.580707 0.538389 0.580707 0.5757906 0 P 0
L 0.580707 0.538389 0.6496046 0.538389 0 P 0
L 0.580707 0.5757906 0.6496046 0.5757906 0 P 0
L 0.602359 0.822833 0.602359 0.8917306 0 P 0
L 0.602359 0.822833 0.6397606 0.822833 0 P 0
L 0.602359 0.8917306 0.6397606 0.8917306 0 P 0
L 0.6151607 0.1584629 0.6151607 0.2273605 0 P 0
L 0.6151607 0.1584629 0.6525623 0.1584629 0 P 0
L 0.6151607 0.2273605 0.6525623 0.2273605 0 P 0
L 0.6259842 0.2736221 0.6259842 0.3838583 0 P 0
L 0.6259842 0.2736221 0.6771654 0.2736221 0 P 0
L 0.6259842 0.3838583 0.6771654 0.3838583 0 P 0
L 0.6397606 0.822833 0.6397606 0.8917306 0 P 0
L 0.6496046 0.4704756 0.6496046 0.5078772 0 P 0
L 0.6496046 0.538389 0.6496046 0.5757906 0 P 0
L 0.6525623 0.1584629 0.6525623 0.2273605 0 P 0
L 0.6683103 0.8375967 0.6683103 0.9064943 0 P 0
L 0.6683103 0.8375967 0.7057119 0.8375967 0 P 0
L 0.6683103 0.9064943 0.7057119 0.9064943 0 P 0
L 0.6702724 0.822833 0.6702724 0.8917306 0 P 0
L 0.6702724 0.822833 0.707674 0.822833 0 P 0
L 0.6702724 0.8917306 0.707674 0.8917306 0 P 0
L 0.6771654 0.2736221 0.6771654 0.3838583 0 P 0
L 0.6998063 0.2962715 0.6998063 0.3651691 0 P 0
L 0.6998063 0.2962715 0.7372079 0.2962715 0 P 0
L 0.6998063 0.3651691 0.7372079 0.3651691 0 P 0
L 0.7057119 0.8375967 0.7057119 0.9064943 0 P 0
L 0.707674 0.822833 0.707674 0.8917306 0 P 0
L 0.7372079 0.2962715 0.7372079 0.3651691 0 P 0
L 0.7372079 0.8381775 0.7372079 0.9070751 0 P 0
L 0.7372079 0.8381775 0.7746095 0.8381775 0 P 0
L 0.7372079 0.9070751 0.7746095 0.9070751 0 P 0
L 0.7746095 0.8381775 0.7746095 0.9070751 0 P 0
L 0.8031528 0.8375967 0.8031528 0.9064943 0 P 0
L 0.8031528 0.8375967 0.8405544 0.8375967 0 P 0
L 0.8031528 0.9064943 0.8405544 0.9064943 0 P 0
L 0.8405544 0.8375967 0.8405544 0.9064943 0 P 0
L 0.8661438 0.6879896 0.8661438 0.7391708 0 P 0
L 0.8661438 0.6879896 0.97638 0.6879896 0 P 0
L 0.8661438 0.7391708 0.97638 0.7391708 0 P 0
L 0.871063 0.8375984 0.871063 0.906496 0 P 0
L 0.871063 0.8375984 0.9084646 0.8375984 0 P 0
L 0.871063 0.906496 0.9084646 0.906496 0 P 0
L 0.8868093 0.629912 0.8868093 0.6673136 0 P 0
L 0.8868093 0.629912 0.9557069 0.629912 0 P 0
L 0.8868093 0.6673136 0.9557069 0.6673136 0 P 0
L 0.8887795 0.2657405 0.8887795 0.3169217 0 P 0
L 0.8887795 0.2657405 0.9990157 0.2657405 0 P 0
L 0.8887795 0.3169217 0.9990157 0.3169217 0 P 0
L 0.8897658 0.3307111 0.8897658 0.3818923 0 P 0
L 0.8897658 0.3307111 1.000002 0.3307111 0 P 0
L 0.8897658 0.3818923 1.000002 0.3818923 0 P 0
L 0.9084646 0.8375984 0.9084646 0.906496 0 P 0
L 0.9104311 0.6033439 0.9104311 0.6545251 0 P 0
L 0.9104311 0.6033439 1.0206673 0.6033439 0 P 0
L 0.9104311 0.6545251 1.0206673 0.6545251 0 P 0
L 0.9104331 0.4734052 0.9104331 0.5245864 0 P 0
L 0.9104331 0.4734052 1.0206693 0.4734052 0 P 0
L 0.9104331 0.5245864 1.0206693 0.5245864 0 P 0
L 0.9114173 0.5383758 0.9114173 0.589557 0 P 0
L 0.9114173 0.5383758 1.0216535 0.5383758 0 P 0
L 0.9114173 0.589557 1.0216535 0.589557 0 P 0
L 0.9271685 0.1397621 0.9271685 0.2086597 0 P 0
L 0.9271685 0.1397621 0.9645701 0.1397621 0 P 0
L 0.9271685 0.2086597 0.9645701 0.2086597 0 P 0
L 0.9557069 0.629912 0.9557069 0.6673136 0 P 0
L 0.9645701 0.1397621 0.9645701 0.2086597 0 P 0
L 0.97638 0.6879896 0.97638 0.7391708 0 P 0
L 0.9990157 0.2657405 0.9990157 0.3169217 0 P 0
L 1.000002 0.3307111 1.000002 0.3818923 0 P 0
L 1.0206673 0.6033439 1.0206673 0.6545251 0 P 0
L 1.0206693 0.4734052 1.0206693 0.5245864 0 P 0
L 1.0216535 0.5383758 1.0216535 0.589557 0 P 0
L 1.0472341 0.6811024 1.0472341 0.7913386 0 P 0
L 1.0472341 0.6811024 1.0984153 0.6811024 0 P 0
L 1.0472341 0.7913386 1.0984153 0.7913386 0 P 0
L 1.0698799 0.5688876 1.0698799 0.6200688 0 P 0
L 1.0698799 0.5688876 1.1801161 0.5688876 0 P 0
L 1.0698799 0.6200688 1.1801161 0.6200688 0 P 0
L 1.0698819 0.3070866 1.0698819 0.3582678 0 P 0
L 1.0698819 0.3070866 1.1801181 0.3070866 0 P 0
L 1.0698819 0.3582678 1.1801181 0.3582678 0 P 0
L 1.0708662 0.4389564 1.0708662 0.4901376 0 P 0
L 1.0708662 0.4389564 1.1811024 0.4389564 0 P 0
L 1.0708662 0.4901376 1.1811024 0.4901376 0 P 0
L 1.0816929 0.3602362 1.0816929 0.4704724 0 P 0
L 1.0816929 0.3602362 1.1328741 0.3602362 0 P 0
L 1.0816929 0.4704724 1.1328741 0.4704724 0 P 0
L 1.0905495 0.042326 1.0905495 0.0797276 0 P 0
L 1.0905495 0.042326 1.1594471 0.042326 0 P 0
L 1.0905495 0.0797276 1.1594471 0.0797276 0 P 0
L 1.0915338 0.3799244 1.0915338 0.417326 0 P 0
L 1.0915338 0.3799244 1.1604314 0.3799244 0 P 0
L 1.0915338 0.417326 1.1604314 0.417326 0 P 0
L 1.0915338 0.6407512 1.0915338 0.6781528 0 P 0
L 1.0915338 0.6407512 1.1604314 0.6407512 0 P 0
L 1.0915338 0.6781528 1.1604314 0.6781528 0 P 0
L 1.0915355 0.51082 1.0915355 0.5482216 0 P 0
L 1.0915355 0.51082 1.1604331 0.51082 0 P 0
L 1.0915355 0.5482216 1.1604331 0.5482216 0 P 0
L 1.0984153 0.6811024 1.0984153 0.7913386 0 P 0
L 1.1122047 0.6811024 1.1122047 0.7913386 0 P 0
L 1.1122047 0.6811024 1.1633859 0.6811024 0 P 0
L 1.1122047 0.7913386 1.1633859 0.7913386 0 P 0
L 1.1328741 0.3602362 1.1328741 0.4704724 0 P 0
L 1.1594471 0.042326 1.1594471 0.0797276 0 P 0
L 1.1604314 0.3799244 1.1604314 0.417326 0 P 0
L 1.1604314 0.6407512 1.1604314 0.6781528 0 P 0
L 1.1604331 0.51082 1.1604331 0.5482216 0 P 0
L 1.1633859 0.6811024 1.1633859 0.7913386 0 P 0
L 1.1791338 0.6811024 1.1791338 0.7913386 0 P 0
L 1.1791338 0.6811024 1.230315 0.6811024 0 P 0
L 1.1791338 0.7913386 1.230315 0.7913386 0 P 0
L 1.1801161 0.5688876 1.1801161 0.6200688 0 P 0
L 1.1801181 0.3070866 1.1801181 0.3582678 0 P 0
L 1.1811024 0.4389564 1.1811024 0.4901376 0 P 0
L 1.230315 0.6811024 1.230315 0.7913386 0 P 0
L 1.2529495 0.7017734 1.2529495 0.770671 0 P 0
L 1.2529495 0.7017734 1.2903511 0.7017734 0 P 0
L 1.2529495 0.770671 1.2903511 0.770671 0 P 0
L 1.2608268 0.4242125 1.2608268 0.4753937 0 P 0
L 1.2608268 0.4242125 1.371063 0.4242125 0 P 0
L 1.2608268 0.4753937 1.371063 0.4753937 0 P 0
L 1.2903511 0.7017734 1.2903511 0.770671 0 P 0
L 1.3198787 0.7017734 1.3198787 0.770671 0 P 0
L 1.3198787 0.7017734 1.3572803 0.7017734 0 P 0
L 1.3198787 0.770671 1.3572803 0.770671 0 P 0
L 1.3316897 0.5226395 1.3316897 0.5915371 0 P 0
L 1.3316897 0.5226395 1.3690913 0.5226395 0 P 0
L 1.3316897 0.5915371 1.3690913 0.5915371 0 P 0
L 1.3572803 0.7017734 1.3572803 0.770671 0 P 0
L 1.3690913 0.5226395 1.3690913 0.5915371 0 P 0
L 1.371063 0.4242125 1.371063 0.4753937 0 P 0
L 1.378937 0.6811024 1.378937 0.7913386 0 P 0
L 1.378937 0.6811024 1.4301182 0.6811024 0 P 0
L 1.378937 0.7913386 1.4301182 0.7913386 0 P 0
L 1.4301182 0.6811024 1.4301182 0.7913386 0 P 0
L 1.5265747 0.1545274 1.5265747 0.2057086 0 P 0
L 1.5265747 0.1545274 1.6368109 0.1545274 0 P 0
L 1.5265747 0.2057086 1.6368109 0.2057086 0 P 0
L 1.5462581 0.0954691 1.5462581 0.1328707 0 P 0
L 1.5462581 0.0954691 1.6151557 0.0954691 0 P 0
L 1.5462581 0.1328707 1.6151557 0.1328707 0 P 0
L 1.5570891 0.8090571 1.5570891 0.9192933 0 P 0
L 1.5570891 0.8090571 1.6082703 0.8090571 0 P 0
L 1.5570891 0.9192933 1.6082703 0.9192933 0 P 0
L 1.5935039 0.6614173 1.5935039 0.7303149 0 P 0
L 1.5935039 0.6614173 1.6309055 0.6614173 0 P 0
L 1.5935039 0.7303149 1.6309055 0.7303149 0 P 0
L 1.5954756 0.4183054 1.5954756 0.487203 0 P 0
L 1.5954756 0.4183054 1.6328772 0.4183054 0 P 0
L 1.5954756 0.487203 1.6328772 0.487203 0 P 0
L 1.6082703 0.8090571 1.6082703 0.9192933 0 P 0
L 1.6151557 0.0954691 1.6151557 0.1328707 0 P 0
L 1.6309055 0.6614173 1.6309055 0.7303149 0 P 0
L 1.6328772 0.4183054 1.6328772 0.487203 0 P 0
L 1.6368109 0.1545274 1.6368109 0.2057086 0 P 0
L 1.7726378 0.0974409 1.7726378 0.1486221 0 P 0
L 1.7726378 0.0974409 1.882874 0.0974409 0 P 0
L 1.7726378 0.1486221 1.882874 0.1486221 0 P 0
L 1.7726378 0.1653543 1.7726378 0.2165355 0 P 0
L 1.7726378 0.1653543 1.882874 0.1653543 0 P 0
L 1.7726378 0.2165355 1.882874 0.2165355 0 P 0
L 1.8799213 0.8730314 1.8799213 0.9242126 0 P 0
L 1.8799213 0.8730314 1.9901575 0.8730314 0 P 0
L 1.8799213 0.9242126 1.9901575 0.9242126 0 P 0
L 1.882874 0.0974409 1.882874 0.1486221 0 P 0
L 1.882874 0.1653543 1.882874 0.2165355 0 P 0
L 1.9901575 0.8730314 1.9901575 0.9242126 0 P 0
L 2.0374016 0.0984151 2.0374016 0.1495963 0 P 0
L 2.0374016 0.0984151 2.1476378 0.0984151 0 P 0
L 2.0374016 0.1495963 2.1476378 0.1495963 0 P 0
L 2.0570883 0.0374048 2.0570883 0.0748064 0 P 0
L 2.0570883 0.0374048 2.1259859 0.0374048 0 P 0
L 2.0570883 0.0748064 2.1259859 0.0748064 0 P 0
L 2.0629921 0.8051181 2.0629921 0.8562993 0 P 0
L 2.0629921 0.8051181 2.1732283 0.8051181 0 P 0
L 2.0629921 0.8562993 2.1732283 0.8562993 0 P 0
L 2.0836631 0.8769717 2.0836631 0.9143733 0 P 0
L 2.0836631 0.8769717 2.1525607 0.8769717 0 P 0
L 2.0836631 0.9143733 2.1525607 0.9143733 0 P 0
L 2.1259859 0.0374048 2.1259859 0.0748064 0 P 0
L 2.1476378 0.0984151 2.1476378 0.1495963 0 P 0
L 2.1525607 0.8769717 2.1525607 0.9143733 0 P 0
L 2.1732283 0.8051181 2.1732283 0.8562993 0 P 0
L 2.1850393 0.1870079 2.1850393 0.2972441 0 P 0
L 2.1850393 0.1870079 2.2362205 0.1870079 0 P 0
L 2.1850393 0.2972441 2.2362205 0.2972441 0 P 0
L 2.1958662 0.3356299 2.1958662 0.3730315 0 P 0
L 2.1958662 0.3356299 2.2647638 0.3356299 0 P 0
L 2.1958662 0.3730315 2.2647638 0.3730315 0 P 0
L 2.1958662 0.4005905 2.1958662 0.4379921 0 P 0
L 2.1958662 0.4005905 2.2647638 0.4005905 0 P 0
L 2.1958662 0.4379921 2.2647638 0.4379921 0 P 0
L 2.2362205 0.1870079 2.2362205 0.2972441 0 P 0
L 2.2647638 0.3356299 2.2647638 0.3730315 0 P 0
L 2.2647638 0.4005905 2.2647638 0.4379921 0 P 0
L 2.3809055 0.7874015 2.3809055 0.8385827 0 P 0
L 2.3809055 0.7874015 2.4911417 0.7874015 0 P 0
L 2.3809055 0.8385827 2.4911417 0.8385827 0 P 0
L 2.382874 0.5649606 2.382874 0.6161418 0 P 0
L 2.382874 0.5649606 2.4931102 0.5649606 0 P 0
L 2.382874 0.6161418 2.4931102 0.6161418 0 P 0
L 2.4015731 0.8602394 2.4015731 0.897641 0 P 0
L 2.4015731 0.8602394 2.4704707 0.8602394 0 P 0
L 2.4015731 0.897641 2.4704707 0.897641 0 P 0
L 2.4704707 0.8602394 2.4704707 0.897641 0 P 0
L 2.4911417 0.7874015 2.4911417 0.8385827 0 P 0
L 2.4931102 0.5649606 2.4931102 0.6161418 0 P 0
