UNITS=MM
#Layer_Color=32896
#
#Feature symbol names
#
$0 r99.9998

#
#Feature attribute names
#

#
#Layer features
#
L 29.4749982 0.47500032 29.4749982 5.37500322 0 P 0
L 29.4749982 0.47500032 31.07500008 0.47500032 0 P 0
L 29.4749982 5.37500322 31.07500008 5.37500322 0 P 0
L 29.7749976 2.9250005 30.27499914 2.9250005 0 P 0
L 30.27499914 2.4250015 30.27499914 2.9250005 0 P 0
L 30.27499914 2.9250005 30.27499914 3.42500204 0 P 0
L 30.27499914 2.9250005 30.77499814 2.9250005 0 P 0
L 31.07500008 0.47500032 31.07500008 5.37500322 0 P 0
L 33.77499976 0.17499838 33.77499976 2.5250013 0 P 0
L 33.77499976 0.17499838 35.27500184 0.17499838 0 P 0
L 33.77499976 2.5250013 35.27500184 2.5250013 0 P 0
L 34.02499926 1.34999984 34.5250008 1.34999984 0 P 0
L 34.5250008 0.8499983 34.5250008 1.34999984 0 P 0
L 34.5250008 1.34999984 34.5250008 1.85000138 0 P 0
L 34.5250008 1.34999984 35.02500234 1.34999984 0 P 0
L 35.27500184 0.17499838 35.27500184 2.5250013 0 P 0
L 37.97500152 0.47500032 37.97500152 5.37500322 0 P 0
L 37.97500152 0.47500032 39.5750034 0.47500032 0 P 0
L 37.97500152 5.37500322 39.5750034 5.37500322 0 P 0
L 38.27500346 2.9250005 38.77500246 2.9250005 0 P 0
L 38.77500246 2.4250015 38.77500246 2.9250005 0 P 0
L 38.77500246 2.9250005 38.77500246 3.42500204 0 P 0
L 38.77500246 2.9250005 39.275004 2.9250005 0 P 0
L 39.5750034 0.47500032 39.5750034 5.37500322 0 P 0
L 47.87499696 0.42500042 47.87499696 5.32500332 0 P 0
L 47.87499696 0.42500042 49.47499884 0.42500042 0 P 0
L 47.87499696 5.32500332 49.47499884 5.32500332 0 P 0
L 48.17499636 2.8750006 48.6749979 2.8750006 0 P 0
L 48.6749979 2.3750016 48.6749979 2.8750006 0 P 0
L 48.6749979 2.8750006 48.6749979 3.37500214 0 P 0
L 48.6749979 2.8750006 49.1749969 2.8750006 0 P 0
L 49.47499884 0.42500042 49.47499884 5.32500332 0 P 0
L 52.17499852 0.12499848 52.17499852 2.4750014 0 P 0
L 52.17499852 0.12499848 53.6750006 0.12499848 0 P 0
L 52.17499852 2.4750014 53.6750006 2.4750014 0 P 0
L 52.42499802 1.29999994 52.92499956 1.29999994 0 P 0
L 52.92499956 0.7999984 52.92499956 1.29999994 0 P 0
L 52.92499956 1.29999994 52.92499956 1.80000148 0 P 0
L 52.92499956 1.29999994 53.4250011 1.29999994 0 P 0
L 53.6750006 0.12499848 53.6750006 2.4750014 0 P 0
L 56.37500028 0.42500042 56.37500028 5.32500332 0 P 0
L 56.37500028 0.42500042 57.97500216 0.42500042 0 P 0
L 56.37500028 5.32500332 57.97500216 5.32500332 0 P 0
L 56.67500222 2.8750006 57.17500122 2.8750006 0 P 0
L 57.17500122 2.3750016 57.17500122 2.8750006 0 P 0
L 57.17500122 2.8750006 57.17500122 3.37500214 0 P 0
L 57.17500122 2.8750006 57.67500276 2.8750006 0 P 0
L 57.97500216 0.42500042 57.97500216 5.32500332 0 P 0
