UNITS=MM
#Layer_Color=8388736
#
#Feature symbol names
#
$0 r99.9998

#
#Feature attribute names
#

#
#Layer features
#
L 7.37500176 5.52500038 7.37500176 7.42500166 0 P 0
L 7.37500176 5.52500038 10.77500004 5.52500038 0 P 0
L 7.37500176 7.42500166 10.77500004 7.42500166 0 P 0
L 10.77500004 5.52500038 10.77500004 7.42500166 0 P 0
L 21.79999958 0.50000154 21.79999958 3.89999982 0 P 0
L 21.79999958 0.50000154 23.70000086 0.50000154 0 P 0
L 21.79999958 3.89999982 23.70000086 3.89999982 0 P 0
L 23.70000086 0.50000154 23.70000086 3.89999982 0 P 0
L 26.84999964 0.499999 26.84999964 3.89999728 0 P 0
L 26.84999964 0.499999 28.75000092 0.499999 0 P 0
L 26.84999964 3.89999728 28.75000092 3.89999728 0 P 0
L 27.7750016 18.02499824 27.7750016 19.92499952 0 P 0
L 27.7750016 18.02499824 31.17499988 18.02499824 0 P 0
L 27.7750016 19.92499952 31.17499988 19.92499952 0 P 0
L 27.90000008 9.24999928 27.90000008 11.15000056 0 P 0
L 27.90000008 9.24999928 31.29999836 9.24999928 0 P 0
L 27.90000008 11.15000056 31.29999836 11.15000056 0 P 0
L 28.75000092 0.499999 28.75000092 3.89999728 0 P 0
L 29.76499762 -1.57500066 29.76499762 4.82500178 0 P 0
L 29.76499762 -1.57500066 39.28500398 -1.57500066 0 P 0
L 29.76499762 0.07499858 34.5250008 0.07499858 0 P 0
L 29.76499762 4.82500178 30.78499812 4.82500178 0 P 0
L 30.78499812 0.07499858 30.78499812 4.82500178 0 P 0
L 31.17499988 18.02499824 31.17499988 19.92499952 0 P 0
L 31.29999836 9.24999928 31.29999836 11.15000056 0 P 0
L 31.43099886 -5.0310034 31.8123062 -4.82000306 0 P 0
L 31.43099886 -5.0310034 37.61900274 -5.59100482 0 P 0
L 31.43099886 -5.16900414 31.43099886 -5.0310034 0 P 0
L 31.43099886 -5.16900414 31.80999988 -5.38000448 0 P 0
L 31.43099886 -5.16900414 37.61900274 -5.72900302 0 P 0
L 31.43099886 -5.59100482 31.80999988 -5.38000448 0 P 0
L 31.43099886 -5.59100482 37.61900274 -6.1510037 0 P 0
L 31.43099886 -5.72900302 31.43099886 -5.59100482 0 P 0
L 31.43099886 -5.72900302 31.80999988 -5.94000336 0 P 0
L 31.43099886 -5.72900302 37.61900274 -6.28900444 0 P 0
L 31.43099886 -6.1510037 31.80999988 -5.94000336 0 P 0
L 31.43099886 -6.1510037 37.61900274 -6.71100512 0 P 0
L 31.43099886 -6.28900444 31.43099886 -6.1510037 0 P 0
L 31.43099886 -6.28900444 31.80999988 -6.50000478 0 P 0
L 31.43099886 -6.28900444 37.61900274 -6.84900332 0 P 0
L 31.43099886 -6.71100512 31.80999988 -6.50000478 0 P 0
L 31.43099886 -6.71100512 37.61900274 -7.271004 0 P 0
L 31.43099886 -6.84900332 31.43099886 -6.71100512 0 P 0
L 31.43099886 -6.84900332 31.80999988 -7.06000366 0 P 0
L 31.43099886 -6.84900332 37.61900274 -7.40900474 0 P 0
L 31.43099886 -7.271004 31.80999988 -7.06000366 0 P 0
L 31.43099886 -7.271004 37.61900274 -7.83100542 0 P 0
L 31.43099886 -7.40900474 31.43099886 -7.271004 0 P 0
L 31.43099886 -7.40900474 31.80999988 -7.62000508 0 P 0
L 31.43099886 -7.40900474 37.61900274 -7.96900616 0 P 0
L 31.43099886 -7.83100542 31.80999988 -7.62000508 0 P 0
L 31.43099886 -7.83100542 37.61900274 -8.3910043 0 P 0
L 31.43099886 -7.96900616 31.43099886 -7.83100542 0 P 0
L 31.43099886 -7.96900616 31.80999988 -8.1800065 0 P 0
L 31.43099886 -7.96900616 37.61900274 -8.52900504 0 P 0
L 31.43099886 -8.3910043 31.80999988 -8.1800065 0 P 0
L 31.43099886 -8.3910043 37.19000182 -8.74000538 0 P 0
L 31.43099886 -8.52900504 31.43099886 -8.3910043 0 P 0
L 31.43099886 -8.52900504 31.80999988 -8.74000538 0 P 0
L 31.43099886 -8.52900504 37.19000182 -8.74000538 0 P 0
L 31.80999988 -5.38000448 37.24000172 -5.94000336 0 P 0
L 31.80999988 -5.94000336 37.24000172 -6.50000478 0 P 0
L 31.80999988 -6.50000478 37.24000172 -7.06000366 0 P 0
L 31.80999988 -7.06000366 37.24000172 -7.62000508 0 P 0
L 31.80999988 -7.62000508 37.24000172 -8.1800065 0 P 0
L 31.80999988 -8.1800065 37.19000182 -8.74000538 0 P 0
L 31.80999988 -8.74000538 37.19000182 -8.74000538 0 P 0
L 31.8123062 -4.82000306 37.24000172 -4.82000306 0 P 0
L 31.8123062 -4.82000306 37.24000172 -5.38000448 0 P 0
L 31.8123062 -4.82000306 37.61900274 -5.16900414 0 P 0
L 31.85999978 -9.45500522 31.85999978 -8.74000538 0 P 0
L 31.85999978 -9.45500522 37.19000182 -9.45500522 0 P 0
L 31.86000486 -4.82000306 32.0776092 -4.44500254 0 P 0
L 31.86000486 -4.82000306 37.61900274 -5.0310034 0 P 0
L 32.0776092 -4.44500254 32.0776092 -1.57500066 0 P 0
L 32.0776092 -4.44500254 36.97827758 -4.44500254 0 P 0
L 34.27371098 0.07499858 34.27371098 1.98499984 0 P 0
L 34.27371098 1.98499984 34.77629062 1.98499984 0 P 0
L 34.5250008 0.07499858 34.5250008 6.1000005 0 P 0
L 34.5250008 0.07499858 39.28500398 0.07499858 0 P 0
L 34.77629062 0.07499858 34.77629062 1.98499984 0 P 0
L 36.9782725 -4.44500254 36.9782725 -1.57500066 0 P 0
L 36.9782725 -4.44500254 37.19000182 -4.82000306 0 P 0
L 37.19000182 -8.74000538 37.61900274 -8.52900504 0 P 0
L 37.19000182 -9.45500522 37.19000182 -8.74000538 0 P 0
L 37.24000172 -4.82000306 37.61900274 -5.0310034 0 P 0
L 37.24000172 -5.38000448 37.61900274 -5.16900414 0 P 0
L 37.24000172 -5.38000448 37.61900274 -5.59100482 0 P 0
L 37.24000172 -5.94000336 37.61900274 -5.72900302 0 P 0
L 37.24000172 -5.94000336 37.61900274 -6.1510037 0 P 0
L 37.24000172 -6.50000478 37.61900274 -6.28900444 0 P 0
L 37.24000172 -6.50000478 37.61900274 -6.71100512 0 P 0
L 37.24000172 -7.06000366 37.61900274 -6.84900332 0 P 0
L 37.24000172 -7.06000366 37.61900274 -7.271004 0 P 0
L 37.24000172 -7.62000508 37.61900274 -7.40900474 0 P 0
L 37.24000172 -7.62000508 37.61900274 -7.83100542 0 P 0
L 37.24000172 -8.1800065 37.61900274 -7.96900616 0 P 0
L 37.24000172 -8.1800065 37.61900274 -8.3910043 0 P 0
L 37.61900274 -5.16900414 37.61900274 -5.0310034 0 P 0
L 37.61900274 -5.72900302 37.61900274 -5.59100482 0 P 0
L 37.61900274 -6.28900444 37.61900274 -6.1510037 0 P 0
L 37.61900274 -6.84900332 37.61900274 -6.71100512 0 P 0
L 37.61900274 -7.40900474 37.61900274 -7.271004 0 P 0
L 37.61900274 -7.96900616 37.61900274 -7.83100542 0 P 0
L 37.61900274 -8.52900504 37.61900274 -8.3910043 0 P 0
L 38.26500348 0.07499858 38.26500348 4.82500178 0 P 0
L 38.26500348 4.82500178 39.28500398 4.82500178 0 P 0
L 38.37498802 10.97499964 38.37498802 12.87500092 0 P 0
L 38.37498802 10.97499964 41.7749863 10.97499964 0 P 0
L 38.37498802 12.87500092 41.7749863 12.87500092 0 P 0
L 39.28500398 -1.57500066 39.28500398 4.82500178 0 P 0
L 41.7749863 10.97499964 41.7749863 12.87500092 0 P 0
L 45.99999944 19.12499858 45.99999944 20.42500106 0 P 0
L 45.99999944 19.12499858 48.79999892 19.12499858 0 P 0
L 45.99999944 20.42500106 48.79999892 20.42500106 0 P 0
L 45.99999944 21.22499946 45.99999944 22.52500194 0 P 0
L 45.99999944 21.22499946 48.79999892 21.22499946 0 P 0
L 45.99999944 22.52500194 48.79999892 22.52500194 0 P 0
L 48.16499638 -1.62500056 48.16499638 4.77500188 0 P 0
L 48.16499638 -1.62500056 57.68500274 -1.62500056 0 P 0
L 48.16499638 0.02499868 52.92499956 0.02499868 0 P 0
L 48.16499638 4.77500188 49.18499688 4.77500188 0 P 0
L 48.79999892 19.12499858 48.79999892 20.42500106 0 P 0
L 48.79999892 21.22499946 48.79999892 22.52500194 0 P 0
L 49.18499688 0.02499868 49.18499688 4.77500188 0 P 0
L 49.83099762 -5.0810033 50.21230496 -4.87000296 0 P 0
L 49.83099762 -5.0810033 56.0190015 -5.64100472 0 P 0
L 49.83099762 -5.21900404 49.83099762 -5.0810033 0 P 0
L 49.83099762 -5.21900404 50.20999864 -5.43000438 0 P 0
L 49.83099762 -5.21900404 56.0190015 -5.77900292 0 P 0
L 49.83099762 -5.64100472 50.20999864 -5.43000438 0 P 0
L 49.83099762 -5.64100472 56.0190015 -6.2010036 0 P 0
L 49.83099762 -5.77900292 49.83099762 -5.64100472 0 P 0
L 49.83099762 -5.77900292 50.20999864 -5.99000326 0 P 0
L 49.83099762 -5.77900292 56.0190015 -6.33900434 0 P 0
L 49.83099762 -6.2010036 50.20999864 -5.99000326 0 P 0
L 49.83099762 -6.2010036 56.0190015 -6.76100502 0 P 0
L 49.83099762 -6.33900434 49.83099762 -6.2010036 0 P 0
L 49.83099762 -6.33900434 50.20999864 -6.55000468 0 P 0
L 49.83099762 -6.33900434 56.0190015 -6.89900322 0 P 0
L 49.83099762 -6.76100502 50.20999864 -6.55000468 0 P 0
L 49.83099762 -6.76100502 56.0190015 -7.3210039 0 P 0
L 49.83099762 -6.89900322 49.83099762 -6.76100502 0 P 0
L 49.83099762 -6.89900322 50.20999864 -7.11000356 0 P 0
L 49.83099762 -6.89900322 56.0190015 -7.45900464 0 P 0
L 49.83099762 -7.3210039 50.20999864 -7.11000356 0 P 0
L 49.83099762 -7.3210039 56.0190015 -7.88100532 0 P 0
L 49.83099762 -7.45900464 49.83099762 -7.3210039 0 P 0
L 49.83099762 -7.45900464 50.20999864 -7.67000498 0 P 0
L 49.83099762 -7.45900464 56.0190015 -8.01900606 0 P 0
L 49.83099762 -7.88100532 50.20999864 -7.67000498 0 P 0
L 49.83099762 -7.88100532 56.0190015 -8.4410042 0 P 0
L 49.83099762 -8.01900606 49.83099762 -7.88100532 0 P 0
L 49.83099762 -8.01900606 50.20999864 -8.2300064 0 P 0
L 49.83099762 -8.01900606 56.0190015 -8.57900494 0 P 0
L 49.83099762 -8.4410042 50.20999864 -8.2300064 0 P 0
L 49.83099762 -8.4410042 55.59000058 -8.79000528 0 P 0
L 49.83099762 -8.57900494 49.83099762 -8.4410042 0 P 0
L 49.83099762 -8.57900494 50.20999864 -8.79000528 0 P 0
L 49.83099762 -8.57900494 55.59000058 -8.79000528 0 P 0
L 50.20999864 -5.43000438 55.64000048 -5.99000326 0 P 0
L 50.20999864 -5.99000326 55.64000048 -6.55000468 0 P 0
L 50.20999864 -6.55000468 55.64000048 -7.11000356 0 P 0
L 50.20999864 -7.11000356 55.64000048 -7.67000498 0 P 0
L 50.20999864 -7.67000498 55.64000048 -8.2300064 0 P 0
L 50.20999864 -8.2300064 55.59000058 -8.79000528 0 P 0
L 50.20999864 -8.79000528 55.59000058 -8.79000528 0 P 0
L 50.21230496 -4.87000296 55.64000048 -4.87000296 0 P 0
L 50.21230496 -4.87000296 55.64000048 -5.43000438 0 P 0
L 50.21230496 -4.87000296 56.0190015 -5.21900404 0 P 0
L 50.25999854 -9.50500512 50.25999854 -8.79000528 0 P 0
L 50.25999854 -9.50500512 55.59000058 -9.50500512 0 P 0
L 50.26000362 -4.87000296 50.47760796 -4.49500244 0 P 0
L 50.26000362 -4.87000296 56.0190015 -5.0810033 0 P 0
L 50.47760796 -4.49500244 50.47760796 -1.62500056 0 P 0
L 50.47760796 -4.49500244 55.37827634 -4.49500244 0 P 0
L 51.70000074 19.5999989 51.70000074 20.90000138 0 P 0
L 51.70000074 19.5999989 54.50000022 19.5999989 0 P 0
L 51.70000074 20.90000138 54.50000022 20.90000138 0 P 0
L 51.70000074 21.24999814 51.70000074 22.55000062 0 P 0
L 51.70000074 21.24999814 54.50000022 21.24999814 0 P 0
L 51.70000074 22.55000062 54.50000022 22.55000062 0 P 0
L 52.67370974 0.02499868 52.67370974 1.93499994 0 P 0
L 52.67370974 1.93499994 53.17628938 1.93499994 0 P 0
L 52.92499956 0.02499868 52.92499956 6.0500006 0 P 0
L 52.92499956 0.02499868 57.68500274 0.02499868 0 P 0
L 53.17628938 0.02499868 53.17628938 1.93499994 0 P 0
L 54.50000022 19.5999989 54.50000022 20.90000138 0 P 0
L 54.50000022 21.24999814 54.50000022 22.55000062 0 P 0
L 55.37827126 -4.49500244 55.37827126 -1.62500056 0 P 0
L 55.37827126 -4.49500244 55.59000058 -4.87000296 0 P 0
L 55.59000058 -8.79000528 56.0190015 -8.57900494 0 P 0
L 55.59000058 -9.50500512 55.59000058 -8.79000528 0 P 0
L 55.64000048 -4.87000296 56.0190015 -5.0810033 0 P 0
L 55.64000048 -5.43000438 56.0190015 -5.21900404 0 P 0
L 55.64000048 -5.43000438 56.0190015 -5.64100472 0 P 0
L 55.64000048 -5.99000326 56.0190015 -5.77900292 0 P 0
L 55.64000048 -5.99000326 56.0190015 -6.2010036 0 P 0
L 55.64000048 -6.55000468 56.0190015 -6.33900434 0 P 0
L 55.64000048 -6.55000468 56.0190015 -6.76100502 0 P 0
L 55.64000048 -7.11000356 56.0190015 -6.89900322 0 P 0
L 55.64000048 -7.11000356 56.0190015 -7.3210039 0 P 0
L 55.64000048 -7.67000498 56.0190015 -7.45900464 0 P 0
L 55.64000048 -7.67000498 56.0190015 -7.88100532 0 P 0
L 55.64000048 -8.2300064 56.0190015 -8.01900606 0 P 0
L 55.64000048 -8.2300064 56.0190015 -8.4410042 0 P 0
L 56.0190015 -5.21900404 56.0190015 -5.0810033 0 P 0
L 56.0190015 -5.77900292 56.0190015 -5.64100472 0 P 0
L 56.0190015 -6.33900434 56.0190015 -6.2010036 0 P 0
L 56.0190015 -6.89900322 56.0190015 -6.76100502 0 P 0
L 56.0190015 -7.45900464 56.0190015 -7.3210039 0 P 0
L 56.0190015 -8.01900606 56.0190015 -7.88100532 0 P 0
L 56.0190015 -8.57900494 56.0190015 -8.4410042 0 P 0
L 56.66500224 0.02499868 56.66500224 4.77500188 0 P 0
L 56.66500224 4.77500188 57.68500274 4.77500188 0 P 0
L 57.68500274 -1.62500056 57.68500274 4.77500188 0 P 0
