#Layer_Color=32896
#
#Feature symbol names
#
$0 r7.874
$1 r2.7559

#
#Feature attribute names
#
@0 .nomenclature
@1 .string
@2 .string_angle

#
#Feature attribute text strings
#
&0 K2

#
#Layer features
#
L 2.3188976 0.6535433 2.3241452 0.6535433 1 P 0 ;0,1=0,2=270.000000
L 2.3188976 0.6692862 2.3293929 0.6797815 1 P 0 ;0,1=0,2=270.000000
L 2.3188976 0.6797815 2.3188976 0.6692862 1 P 0 ;0,1=0,2=270.000000
L 2.3241452 0.6535433 2.3346405 0.6640386 1 P 0 ;0,1=0,2=270.000000
L 2.3267691 0.6561671 2.3188976 0.6640386 1 P 0 ;0,1=0,2=270.000000
L 2.3293929 0.6797815 2.3320167 0.6797815 1 P 0 ;0,1=0,2=270.000000
L 2.3320167 0.6797815 2.3346405 0.6771577 1 P 0 ;0,1=0,2=270.000000
L 2.3346405 0.6535433 2.3188976 0.6535433 1 P 0 ;0,1=0,2=270.000000
L 2.3346405 0.6640386 2.3267691 0.6561671 1 P 0 ;0,1=0,2=270.000000
L 2.3346405 0.67191 2.3320167 0.6692862 1 P 0 ;0,1=0,2=270.000000
L 2.3346405 0.6771577 2.3346405 0.67191 1 P 0 ;0,1=0,2=270.000000
L 2.5600356 0.5468457 2.5600356 0.6894719 0 P 0
L 2.5600356 0.5468457 2.6249962 0.5468457 0 P 0
L 2.5600356 0.7790229 2.5600356 0.9216491 0 P 0
L 2.5600356 0.9216491 2.6249962 0.9216491 0 P 0
L 2.6249962 0.5468457 2.6249962 0.9216491 0 P 0
L 2.6249962 0.6376619 2.7379884 0.6376619 0 P 0
L 2.6249962 0.8306014 2.7379884 0.8306014 0 P 0
L 2.7379884 0.6376617 2.7379884 0.8306014 0 P 0
L 2.7379884 0.6376619 2.7527522 0.6293261 0 P 0
L 2.7379884 0.8306014 2.7527522 0.8391685 0 P 0
L 2.7527522 0.6273576 2.7527522 0.8410464 0 P 0
L 2.7527522 0.6273576 2.7610593 0.6124363 0 P 0
L 2.7527522 0.8391685 2.7610593 0.6124363 0 P 0
L 2.7527522 0.8410464 2.7610593 0.8560585 0 P 0
L 2.7527522 0.8410464 2.7664924 0.6124363 0 P 0
L 2.7527522 0.8410464 2.7747995 0.6273576 0 P 0
L 2.7610593 0.6124363 2.7664924 0.6124363 0 P 0
L 2.7610593 0.8560585 2.7664924 0.8560585 0 P 0
L 2.7610593 0.8560585 2.7831066 0.6124363 0 P 0
L 2.7664924 0.6124363 2.7747995 0.6273576 0 P 0
L 2.7664924 0.8560585 2.7747995 0.8411372 0 P 0
L 2.7664924 0.8560585 2.7885396 0.6124363 0 P 0
L 2.7747995 0.6273576 2.7831066 0.6124363 0 P 0
L 2.7747995 0.8411372 2.7831066 0.8560585 0 P 0
L 2.7747995 0.8411372 2.7968467 0.6273576 0 P 0
L 2.7831066 0.6124363 2.7885396 0.6124363 0 P 0
L 2.7831066 0.8560585 2.7885396 0.8560585 0 P 0
L 2.7831066 0.8560585 2.8051538 0.6124363 0 P 0
L 2.7885396 0.6124363 2.7968467 0.6273576 0 P 0
L 2.7885396 0.8560585 2.7968467 0.8411372 0 P 0
L 2.7885396 0.8560585 2.8105869 0.6124363 0 P 0
L 2.7968467 0.6273576 2.8051538 0.6124363 0 P 0
L 2.7968467 0.8411372 2.8051538 0.8560585 0 P 0
L 2.7968467 0.8411372 2.818894 0.6273576 0 P 0
L 2.8051538 0.6124363 2.8105869 0.6124363 0 P 0
L 2.8051538 0.8560585 2.8105869 0.8560585 0 P 0
L 2.8051538 0.8560585 2.8272011 0.6124363 0 P 0
L 2.8105869 0.6124363 2.818894 0.6273576 0 P 0
L 2.8105869 0.8560585 2.818894 0.8411372 0 P 0
L 2.8105869 0.8560585 2.8326341 0.6124363 0 P 0
L 2.818894 0.6273576 2.8272011 0.6124363 0 P 0
L 2.818894 0.8411372 2.8272011 0.8560585 0 P 0
L 2.818894 0.8411372 2.8409412 0.6273576 0 P 0
L 2.8272011 0.6124363 2.8326341 0.6124363 0 P 0
L 2.8272011 0.8560585 2.8326341 0.8560585 0 P 0
L 2.8272011 0.8560585 2.8492483 0.6124363 0 P 0
L 2.8326341 0.6124363 2.8409412 0.6273576 0 P 0
L 2.8326341 0.8560585 2.8409412 0.8411372 0 P 0
L 2.8326341 0.8560585 2.8546814 0.6124363 0 P 0
L 2.8409412 0.6273576 2.8492483 0.6124363 0 P 0
L 2.8409412 0.8411372 2.8492483 0.8560585 0 P 0
L 2.8409412 0.8411372 2.8629885 0.6273576 0 P 0
L 2.8492483 0.6124363 2.8546814 0.6124363 0 P 0
L 2.8492483 0.8560585 2.8546814 0.8560585 0 P 0
L 2.8492483 0.8560585 2.8712956 0.6124363 0 P 0
L 2.8546814 0.6124363 2.8629885 0.6273576 0 P 0
L 2.8546814 0.8560585 2.8629885 0.8411372 0 P 0
L 2.8546814 0.8560585 2.8767287 0.6124363 0 P 0
L 2.8629885 0.6273576 2.8712956 0.6124363 0 P 0
L 2.8629885 0.8411372 2.8712956 0.8560585 0 P 0
L 2.8629885 0.8411372 2.8850358 0.6273576 0 P 0
L 2.8712956 0.6124363 2.8767287 0.6124363 0 P 0
L 2.8712956 0.8560585 2.8767287 0.8560585 0 P 0
L 2.8712956 0.8560585 2.8933428 0.6124363 0 P 0
L 2.8767287 0.6124363 2.8850358 0.6273576 0 P 0
L 2.8767287 0.8560585 2.8850358 0.8411372 0 P 0
L 2.8767287 0.8560585 2.8987759 0.6124363 0 P 0
L 2.8850358 0.6273576 2.8933428 0.6124363 0 P 0
L 2.8850358 0.8411372 2.8933428 0.8560585 0 P 0
L 2.8850358 0.8411372 2.907083 0.6293261 0 P 0
L 2.8933428 0.6124363 2.8987759 0.6124363 0 P 0
L 2.8933428 0.8560585 2.8987759 0.8560585 0 P 0
L 2.8933428 0.8560585 2.907083 0.6293261 0 P 0
L 2.8987759 0.6124363 2.907083 0.6293261 0 P 0
L 2.8987759 0.8560585 2.907083 0.6293261 0 P 0
L 2.8987759 0.8560585 2.907083 0.8411372 0 P 0
L 2.907083 0.6293261 2.907083 0.8411372 0 P 0
L 2.907083 0.6293261 2.9352326 0.6293261 0 P 0
L 2.907083 0.8391687 2.9352326 0.8391687 0 P 0
L 2.9352326 0.6293261 2.9352326 0.8391687 0 P 0
