#Layer_Color=32896
#
#Feature symbol names
#
$0 r3.937

#
#Feature attribute names
#

#
#Layer features
#
L 2.351374 0.5354284 2.351374 0.5984206 0 P 0
L 2.351374 0.5354284 2.5442875 0.5354284 0 P 0
L 2.351374 0.5984206 2.5442875 0.5984206 0 P 0
L 2.351374 0.8700742 2.351374 0.9330664 0 P 0
L 2.351374 0.8700742 2.5442875 0.8700742 0 P 0
L 2.351374 0.9330664 2.5442875 0.9330664 0 P 0
L 2.3513778 0.535433 2.3513778 0.5984252 0 P 0
L 2.3513778 0.535433 2.5442913 0.535433 0 P 0
L 2.3513778 0.5984252 2.5442913 0.5984252 0 P 0
L 2.3513778 0.8700788 2.3513778 0.933071 0 P 0
L 2.3513778 0.8700788 2.5442913 0.8700788 0 P 0
L 2.3513778 0.933071 2.5442913 0.933071 0 P 0
L 2.4281457 0.5669245 2.4478308 0.5669245 0 P 0
L 2.4281457 0.9015703 2.4478308 0.9015703 0 P 0
L 2.4281495 0.5669291 2.4478346 0.5669291 0 P 0
L 2.4281495 0.9015749 2.4478346 0.9015749 0 P 0
L 2.4478308 0.5472394 2.4478308 0.5669245 0 P 0
L 2.4478308 0.5669245 2.4478308 0.5866095 0 P 0
L 2.4478308 0.5669245 2.4675158 0.5669245 0 P 0
L 2.4478308 0.8818853 2.4478308 0.9015703 0 P 0
L 2.4478308 0.9015703 2.4478308 0.9212554 0 P 0
L 2.4478308 0.9015703 2.4675158 0.9015703 0 P 0
L 2.4478346 0.547244 2.4478346 0.5669291 0 P 0
L 2.4478346 0.5669291 2.4478346 0.5866141 0 P 0
L 2.4478346 0.5669291 2.4675196 0.5669291 0 P 0
L 2.4478346 0.8818899 2.4478346 0.9015749 0 P 0
L 2.4478346 0.9015749 2.4478346 0.92126 0 P 0
L 2.4478346 0.9015749 2.4675196 0.9015749 0 P 0
L 2.4635788 0.7047198 2.4635788 0.763775 0 P 0
L 2.4635788 0.7047198 2.5560986 0.7047198 0 P 0
L 2.4635788 0.763775 2.5560986 0.763775 0 P 0
L 2.4635826 0.7047244 2.4635826 0.7637796 0 P 0
L 2.4635826 0.7047244 2.5561024 0.7047244 0 P 0
L 2.4635826 0.7637796 2.5561024 0.7637796 0 P 0
L 2.4901536 0.7342474 2.5098387 0.7342474 0 P 0
L 2.4901574 0.734252 2.5098425 0.734252 0 P 0
L 2.5098387 0.7145623 2.5098387 0.7342474 0 P 0
L 2.5098387 0.7342474 2.5098387 0.7539325 0 P 0
L 2.5098387 0.7342474 2.5295238 0.7342474 0 P 0
L 2.5098425 0.7145669 2.5098425 0.734252 0 P 0
L 2.5098425 0.734252 2.5098425 0.7539371 0 P 0
L 2.5098425 0.734252 2.5295276 0.734252 0 P 0
L 2.5442875 0.5354284 2.5442875 0.5984206 0 P 0
L 2.5442875 0.8700742 2.5442875 0.9330664 0 P 0
L 2.5442913 0.535433 2.5442913 0.5984252 0 P 0
L 2.5442913 0.8700788 2.5442913 0.933071 0 P 0
L 2.5560986 0.7047198 2.5560986 0.763775 0 P 0
L 2.5561024 0.7047244 2.5561024 0.7637796 0 P 0
