22247
1878
22017
260
22017
1806
22027
22029
22102
22028
22025
22025
21769
18166
22021
2646
22026
22032
22035
22036
22024
22026
22017
22022
3158
2390
22025
22100
22027
22102
22033
22020
2562
22026
22102
22038
22031
22027
22037
22030
22033
22025
22027
4629
22034
22034
22102
22027
22033
22041
5897
22035
22035
22019
5646
22038
267
22017
5137
22036
22025
22038
21776
22269
22027
22102
5651
22038
22028
22040
3158
1548
22102
22034
22037
22030
22034
22032
22032
22034
22033
22031
22047
5650
22036
22102
22047
5643
22038
22102
22033
22036
22038
22022
6931
22043
4116
22032
22025
22038
22041
22102
22032
22038
22052
22042
22038
1818
2059
22024
22102
22030
22102
22034
22042
22041
22041
22033
22044
22041
22047
22031
6434
22104
22041
22110
22046
22102
6486
22041
22026
22033
22044
22102
22034
22102
22053
8734
6946
22043
22102
22042
22044
22040
22026
7705
22046
22040
4373
22033
22049
22037
22102
5718
22038
22046
9751
4134
6160
6680
22042
22102
5668
22102
5650
22038
22102
22038
6175
22296
22037
4131
22032
6932
22102
22038
22037
22040
22102
22041
22048
5899
22039
22028
22044
7442
22045
22102
22044
22102
22040
22038
22035
22102
22037
22041
22036
22102
22043
6168
6936
4123
22102
22049
22027
22044
22102
22035
22040
22032
22042
22046
22049
22039
4113
22032
22037
22041
22102
22043
5653
6166
22040
22052
22039
5402
22037
22044
5401
22037
5903
22039
22044
22044
22034
22040
22048
22044
22033
22048
22045
22049
6742
22042
22040
22102
22059
22038
22033
22102
22034
22040
22044
22040
22035
5918
22039
22042
22054
22042
22045
22040
22102
22038
22043
22049
22039
3096
22102
8725
22050
22035
22034
22030
22045
22050
22048
22037
22052
22046
22042
22029
22102
22030
22047
6931
22043
22102
22056
22029
22045
22053
5912
22033
22051
22044
22042
22102
22102
22037
5718
22038
22040
5645
22034
22043
22102
22047
22041
22052
22045
22102
22045
22030
22102
5919
22039
22034
7193
22044
22102
22051
6230
22040
22104
22041
22043
22045
22047
22043
22049
3863
22031
22042
22030
22041
22042
22042
22050
22041
22038
22037
22032
22102
22041
22038
22035
22047
22038
22034
22039
22102
22034
22037
22044
22102
22039
22056
22024
22047
22033
22023
22035
22033
22102
22040
22039
22050
22032
22037
3351
22029
22041
22035
5404
22037
22039
6230
6230
22040
22040
6230
22040
7766
22046
22039
22035
22102
4362
22033
22033
6736
22102
5398
22037
22039
22034
22038
22030
22032
22028
8213
22048
5411
22102
5398
22037
22040
22046
22036
22045
22041
22040
22036
22053
22044
22037
22037
7186
22102
22051
22027
22104
22043
8981
22051
22040
22031
22102
5913
22045
22042
22044
22302
22033
8989
22051
22102
22052
22034
22060
22043
22102
22102
22053
22102
22102
22033
22042
22045
22034
22052
5656
22102
22102
22026
22041
22036
22102
22102
22038
22041
5919
22039
22029
8790
7202
22102
22102
22102
22047
8534
22049
22043
6419
22104
2327
22025
22043
22043
6682
9754
22048
22045
22041
22032
22042
22038
22054
22039
22044
22049
22047
22035
22046
22033
22042
22037
22043
22043
22037
5912
22043
22045
22042
22031
22042
22045
22044
22038
7699
22046
22045
22035
22042
22052
9558
22102
22037
4887
22035
22039
22046
22048
22102
22039
22102
22104
22045
22034
22040
22043
4624
7186
22044
22033
22050
22035
22033
22102
22043
22039
22045
22102
22049
22052
22033
22100
4882
22035
22031
6420
7705
22102
6424
22041
22040
22031
22036
22036
22055
5399
22037
22034
22053
22102
22052
6230
22102
22030
22038
22046
4894
22035
22044
22034
22049
22041
22045
22037
5416
22037
22042
22048
22055
7766
22102
22045
22102
22044
22025
22045
22035
22102
22033
22041
22100
22040
22039
22039
22047
22039
7963
22047
22057
22046
22040
22102
22042
22044
4125
22032
22038
22048
22045
7425
22102
22042
7766
22046
22038
22055
22043
22045
22043
22028
22042
22033
22040
4123
22032
22036
6411
22041
22036
22041
22043
7766
22102
22044
22046
22042
22033
22042
22045
22033
6931
22043
22034
22045
22036
7203
22102
22039
22102
22034
4438
22033
3926
22031
22034
22048
22039
8210
22048
22102
22102
22102
4128
22032
22050
22042
22044
22027
22039
22036
22033
22032
22042
22046
22039
6423
22041
22102
22048
22102
22043
22036
7195
22102
22037
22102
22037
9239
22052
22040
22050
22032
22034
22037
22098
22037
22035
22037
3603
22030
22039
22039
22046
5917
22039
22036
22102
22039
6677
22042
22041
22032
8211
22048
22102
22102
22044
22032
7700
22102
22044
22045
9750
22054
22028
22035
22038
22025
7447
22045
22050
22102
22045
4386
22033
22047
22035
22039
22051
22043
22047
22025
22037
22102
22047
22061
22016
22042
1559
22102
22042
5141
22036
22102
22032
22051
22037
22036
22102
5143
22036
22036
22039
22102
22045
22039
22102
22047
22037
22042
22046
22102
22034
22041
22051
22058
6438
22041
22102
9046
22051
22040
22055
22038
22031
7964
22047
22041
22045
22047
22043
7960
7766
22046
22046
22053
22047
22037
9755
22050
6949
22102
9492
22053
22102
22037
22029
22035
5917
22039
22043
22037
22043
22034
22102
22047
22040
22039
22039
4634
22034
22102
22044
22039
22038
22049
22041
22042
22042
22025
22040
22044
22037
22042
22039
22041
22056
4881
22035
22046
22047
22041
22036
22033
22102
22048
7198
22044
5670
8210
22102
22102
22034
22039
6998
22043
22063
22102
22044
22041
22045
22034
22046
22040
22042
22038
22040
22102
22033
22044
22036
8214
8534
22049
22045
22041
22043
22041
22026
8534
8225
22048
22040
22102
22040
1558
22030
22042
22041
22040
22030
22039
22102
22030
22039
22037
2593
22102
6427
22041
22102
22040
22041
22029
22046
6998
22043
22104
22046
4950
22102
22033
22025
22047
22102
22044
22052
22034
22043
22035
22040
22036
22033
22042
22041
5141
22036
22102
22038
22040
22037
22042
22036
22102
22045
22043
22047
22050
22038
22040
22037
22102
22047
7448
21533
21541
21588
21527
21515
2827
21515
21515
21515
2900
21588
21844
21515
21515
21515
21515
21588
21515
21515
21515
2827
21515
21588
21515
21515
21515
21515
21515
21515
2900
21515
21515
21515
21515
21515
21531
21515
21515
21515
21515
21515
2900
21515
21515
21515
21515
21515
2827
21515
21531
2827
2900
21594
21515
21515
21515
21515
21515
2900
2827
21515
21515
21515
2827
21515
21515
21515
21515
21515
22539
6166
22552
22616
6178
22552
22565
22552
5388
22612
8280
22560
22616
22533
22550
22616
22616
22550
22544
22548
22616
22558
9500
22565
22554
22545
22558
22562
22559
22561
22561
8475
22561
22541
22563
22542
4379
6673
22554
22572
4374
5720
3862
22543
22559
22616
3611
6926
22555
22564
22570
22554
22542
22545
3606
7256
22616
22554
22557
22557
22556
22555
22558
4122
22616
22556
8213
22616
22549
22550
22616
22616
22562
22556
22550
5651
22550
8225
22616
22561
22807
22557
22551
6674
22554
22552
22616
22557
22548
3864
22543
22560
22539
22547
22616
7256
8220
22616
22562
22569
22549
22550
22616
22562
22556
8224
8280
22560
22564
22555
22558
22802
22616
6488
22553
22547
6176
22552
22551
22543
22616
22547
22555
22616
22554
22559
11032
22571
22549
22616
4386
22545
22553
4381
4881
22547
22537
22564
22561
22547
9229
22564
6424
22553
5914
22551
22551
22547
5658
22616
22616
22553
22549
22562
22563
6165
22616
22551
22549
22556
22544
9502
22565
22555
22555
22549
22543
22549
22616
4635
5138
22548
22554
22551
22562
7706
7966
22559
9048
6435
22616
22545
22554
4388
22545
22558
22616
6185
4888
22616
4379
22545
22547
22555
22550
22554
22553
22557
22561
22562
22548
22616
22551
22616
22537
22547
22616
22547
22552
22555
8467
22561
22549
22616
7955
22616
22555
22561
22616
22549
4116
22544
22558
22563
4387
22545
22558
22563
22556
22616
7000
3867
22543
22556
22559
22616
22559
22549
22616
7444
22557
22559
22555
22555
22550
22616
5976
22551
22551
6488
22553
22555
22568
4117
22616
22551
5155
6676
22554
5666
22550
7705
4638
22546
22556
22560
22542
22541
22541
22561
22554
22538
22549
22551
6686
22554
7436
22557
7712
22558
22552
22551
22549
22541
22552
22616
22555
22807
22616
22543
22554
6180
22554
8024
22559
22550
22552
22616
22556
22616
22552
22616
22565
22561
22558
22549
22558
3097
22540
22553
22550
4376
22545
22616
5720
22550
22571
8213
22560
22616
22616
22553
6683
22554
22544
22547
22565
22560
22553
22556
22540
22557
22616
6176
22552
22553
22551
22550
22555
22543
22554
22551
22560
5415
6677
5464
22616
22557
22547
22554
22564
22554
22616
22552
22560
22616
22549
22546
22612
7449
22557
22555
5720
22614
22562
22544
22559
4883
22547
22616
22547
22556
22545
8465
6232
22616
22550
22550
22555
22616
22551
22543
22539
22559
22549
22556
22550
22560
4624
6488
22616
22547
22616
22550
22549
22548
22547
22564
22565
22554
10007
22567
22554
22555
22551
2576
22616
22557
22550
5136
22616
22557
22806
22557
22550
22556
22558
6232
22556
4647
22546
22541
22542
22540
22616
22570
22550
22547
22558
22616
22616
22555
4440
3928
22543
22538
22557
22554
4630
5394
22549
22549
22539
22616
22616
22616
22559
22558
22557
22562
22616
22616
22549
22549
22568
22550
22556
22559
22546
22568
22554
22560
22616
7512
22557
22552
22554
22558
5208
22616
22566
7000
22555
22553
22564
22546
22552
7449
5980
22616
22554
22551
22562
22553
4650
22546
3928
22543
22556
22558
22545
22544
22544
22616
22559
5411
22549
22557
22562
22538
22552
22551
22555
22547
7185
8220
7712
22558
22540
22565
22544
22556
22616
22544
22551
22545
22616
22616
22616
22562
22567
4696
22546
4890
22547
22553
22552
22872
22616
22550
8465
22561
22548
22532
22557
22620
22566
22556
22551
22556
22548
22550
22551
22541
22562
22608
22542
22562
6171
22616
11800
22574
22535
22549
22567
4118
22544
22551
22548
8213
22560
22616
22562
22542
22564
7713
22558
22616
22555
8226
22560
22551
22539
22553
9488
22565
22547
22549
10273
22564
5141
22616
22561
22559
22564
22552
6169
22552
22556
22560
8210
22560
22546
22552
22562
22551
22616
22562
22616
22554
22546
22554
22616
22545
22555
22616
22616
22544
22616
22550
22616
22550
5142
4116
22544
22557
6232
22552
22560
22550
6949
2331
22616
22616
8203
22560
22561
7460
22557
22550
22551
22548
22555
22545
22560
22552
22548
22616
6942
22555
22550
6685
5402
6232
22616
22551
22556
6232
22552
22553
22813
22553
22547
7702
22558
22562
22558
22563
22551
22550
22564
22561
22616
22551
22552
22551
22616
6426
22553
22616
22560
22554
22552
22548
3605
22542
5673
22616
5142
22548
22557
22543
9510
22565
22556
22554
22616
22551
22554
22557
22556
22548
22566
3350
5720
22550
22554
22554
22546
5208
22548
22558
22554
3860
22543
22551
22544
6173
22552
5720
22550
22554
6424
6232
22548
22550
22549
22557
10011
4135
5464
22549
22546
22616
22549
22559
22552
22616
22614
6423
22553
22552
22558
6173
22616
22558
22558
22561
22557
22616
3672
7950
22616
22571
22549
22558
22563
22552
22554
22567
4378
22616
22551
22616
22552
22556
22551
22553
22542
22616
22559
22562
22616
22556
22555
22556
6172
22544
22548
22538
22037
22102
22049
3084
22028
22102
22102
22028
3084
22028
22028
22028
22028
22028
3100
22028
3084
22102
3158
3084
22028
22028
22028
22102
22028
22028
22028
22028
22028
22028
3084
22102
22028
3158
22028
22028
22028
22028
22028
22028
22102
22028
22028
3084
22028
22028
3084
22028
22028
22028
22028
22028
22102
3084
3158
1548
3084
22028
3084
22028
22028
22028
3084
22028
22028
3158
22028
22028
22028
23056
23060
23064
23059
23130
23071
23059
7002
23067
23075
23130
23053
23065
23067
23130
8989
23075
10252
23130
23074
23063
23072
23071
23071
23083
23059
23067
23067
23076
23069
23059
23064
23130
23056
23068
23130
23053
23063
4638
23130
8465
23130
23130
23066
23068
23065
23063
23060
23061
23062
23065
23069
23073
23066
6939
23067
23071
23071
23048
8218
23072
5410
23130
23130
23075
23054
23062
23071
23069
23069
23062
23074
23064
23130
23063
23059
23063
23066
23075
23067
23066
23077
23059
23068
23061
23072
23060
23130
23066
23130
23062
8217
4186
23056
23058
23051
23063
23074
4887
23059
23059
23069
23066
23071
23076
23070
23130
23065
23130
23056
23065
23069
23072
23064
23130
23082
10012
23079
23058
23068
5466
7445
23069
23063
23059
23065
5906
23130
23061
4116
23056
23063
23061
23064
7454
23069
23062
23064
23130
23054
23058
23063
23065
23075
23063
23065
5391
23061
23050
5161
23130
7203
23130
23061
23130
23067
23059
23130
23073
3872
23055
23077
23058
7722
23070
6435
23130
23048
23070
23071
23069
23048
23073
23130
23068
8026
8282
23072
23060
23065
23068
23060
23056
23058
23130
23077
23066
23062
23061
23075
23059
23068
23071
23064
7709
23070
23077
23060
23062
23072
23061
23068
23130
23071
23070
23066
23063
5918
23063
8980
23075
23062
6682
23066
23130
23066
23065
23065
23067
23062
23067
23057
8282
23072
23130
23060
7715
23070
23065
23070
23064
23061
23066
23074
23061
23128
23056
23058
23074
23068
23061
23063
6422
23065
23069
23060
23065
11036
23075
23062
23064
23072
23076
23072
23069
23071
23061
23058
23072
23070
23052
23060
23065
23075
23068
23061
23130
23061
23067
23061
8725
10530
23081
23067
23130
23062
23074
23068
23130
6166
23064
23130
23130
6667
23058
23062
23053
5978
23063
23072
23084
23061
23053
23070
23068
4629
23058
23130
2906
7183
23068
6942
23061
23130
7002
23067
23064
23130
7002
23061
23064
23060
23130
23069
23062
23065
23073
23056
23066
23061
23064
23130
23068
23069
23074
23072
23130
23130
7770
23070
23054
7453
23069
23074
6430
23065
23130
23074
23065
23083
23070
7258
5404
23061
23069
7770
23070
23072
23080
23058
8486
23130
23060
23130
23067
23069
23073
23130
23066
23064
7190
23068
23132
23063
9498
23130
23130
23073
23066
7712
23070
23072
23130
23079
23070
7959
23071
23070
23066
23064
6943
23067
23130
6417
5657
23062
23065
23061
23067
23069
23068
23064
23059
23080
23064
23074
23062
6166
23064
23070
23068
23075
23067
23062
23063
23048
4629
23058
23078
23066
6681
23066
23130
23054
8991
23075
6924
23067
23066
2838
23055
23061
23130
23130
23130
23130
23073
23058
7700
23070
23060
23069
23066
23132
23072
23064
23130
23064
8477
23073
23081
23064
23059
23070
10586
23081
23053
23063
23069
23056
23062
23074
23054
23130
23066
6666
4188
23056
23059
23071
4120
23056
23130
23062
23054
23130
23073
6679
23066
23063
6928
23071
23076
23071
23067
23071
23065
23065
6426
9562
23077
23072
23064
23130
23064
23064
23066
23057
23070
23070
5913
23063
23130
23069
23068
23079
23064
23071
23130
23130
5923
23063
23065
23064
6942
23130
23126
23071
23060
23061
23057
23077
23077
23069
4883
23059
23063
23124
23066
4954
23059
23057
23068
8216
23072
23064
23130
23076
23061
23059
23061
23060
23067
23050
23061
23057
5210
23060
23084
23130
23063
23069
23130
4378
23057
7514
23069
23059
4636
5210
23060
23060
23077
23057
23130
6170
23130
4895
23130
23130
23130
23060
23068
23062
23069
23066
8724
5666
23062
23067
23075
23070
7258
23130
23070
23060
23062
23057
23066
23069
23067
23078
23068
23065
8538
8225
23072
23077
23065
23056
23058
5924
23063
23130
23130
23064
23068
23072
23077
23057
23068
23130
23067
23057
23067
23058
23071
23053
23069
27413
23073
23130
23065
23056
23056
23067
23069
23068
23066
23074
23062
23068
23077
23065
23063
23060
23060
23130
23072
8728
23074
23063
23130
23130
23066
23066
23065
23070
23069
23130
23061
23059
23130
23067
23065
23069
23068
23073
23071
23075
23065
23130
23130
23066
23078
23070
23130
23063
23062
23134
23130
23130
23068
23057
23060
23059
23056
23071
6182
23064
23069
9818
23078
23057
23074
6746
23066
23068
23063
23053
23067
23063
23130
23064
23130
23067
23065
23063
23056
23068
23130
23069
23061
23068
23069
23076
23073
23075
23060
23069
23071
23069
23061
23067
23083
5466
23061
23074
4128
23056
23130
23072
6949
23067
23067
23061
6169
23064
23060
23063
23060
23066
23060
23069
23066
23063
23068
8030
23071
8740
23074
23130
23056
23130
23062
23064
23080
23072
6949
23063
23065
23130
23069
23066
23070
23072
23071
23071
23130
23067
23068
23071
23068
23132
5654
23130
23048
23130
23066
23070
23064
23076
8984
22616
22571
3160
22540
22616
22540
3084
22616
22540
22540
22540
22540
22616
22540
22540
22616
22540
22540
22540
3084
3084
22540
22540
22616
3084
22616
22540
22616
22616
22540
22540
22540
22540
22540
22540
3084
22540
22540
22540
22540
22540
22540
22540
22540
22540
22540
22540
22540
22540
22540
22540
22540
22540
22540
22540
22616
22540
22540
22540
22616
22540
22540
22616
3084
22540
22540
22540
22540
23581
23583
7455
23644
23580
23573
23582
23574
23578
23590
23634
23573
23575
23644
23588
23583
23582
23570
23585
23573
23574
23830
23582
23582
23578
23576
23644
23563
23632
23575
7700
10076
23591
23577
23644
23583
23644
9820
23590
23590
23572
23644
23575
23570
23644
23592
23586
23583
23578
23581
23581
23581
23577
23644
7200
23580
4124
23568
7974
23583
23644
23576
23584
23571
23644
23574
23578
23579
23594
23579
23580
23577
23644
23575
23589
9495
23589
23582
23576
23574
23578
23577
23581
5653
23574
9762
23590
23577
23589
23592
23583
7516
23644
23580
23585
23588
23644
23579
23586
23573
23584
23588
7959
6492
23577
23575
23644
23577
23580
8540
23644
23581
6236
23576
23579
23588
23588
23573
8733
23586
23565
23572
23568
23575
23592
23579
23582
23579
23587
23579
5917
6423
23644
23570
23583
23577
23574
23575
23644
23581
23582
6941
23579
23567
23644
23583
23588
23577
23574
23588
23571
9755
4902
23571
23587
3861
23567
23582
23586
23575
23581
23576
23573
23582
23644
23571
23900
23585
23585
23574
7457
23581
23587
23581
23580
8216
7772
23644
23579
23574
23644
23567
23573
4899
23571
23575
23582
23589
5658
23574
23644
23584
23569
23575
23591
23563
23577
23569
23644
23644
23569
23575
23567
7193
23644
8217
23644
23567
23581
23585
23580
23579
23583
23574
23589
23586
23580
23563
23575
23593
23571
23644
23575
23644
23573
23574
23584
23581
6170
23576
23573
23573
23580
3865
23567
23583
23577
9516
23589
23583
23644
23583
23578
23581
23594
23573
23572
23589
7954
8735
23634
23571
23574
23644
8467
23585
7201
23644
23575
23581
23570
23577
23644
23580
6946
23642
23581
23576
23572
23585
23584
23644
23566
23574
7772
23582
23577
23644
27929
23570
23568
23575
23580
8222
23584
23584
23571
6492
23577
23578
23644
23573
23582
23581
23567
23582
8724
23586
23586
23580
23570
23585
23574
23587
23579
23640
23644
23592
23589
23586
6676
23578
5406
23573
9244
8540
23585
23592
6167
7448
23575
23640
23579
23572
27946
23632
23644
23585
23579
23583
23586
23578
7516
23581
23588
23575
23589
23570
23581
23575
23584
23585
23592
23584
23583
23588
23644
23577
23582
23580
23571
23589
7456
4627
7442
23581
23644
23592
23578
23580
23580
4383
23569
23580
23588
23582
23644
23569
23582
23566
23586
23573
23579
23580
23584
7445
23581
23573
23644
23577
23581
23574
23570
23570
23580
23575
23588
23587
23581
23570
6422
23577
23566
23575
23644
23581
23581
23577
23579
23595
23587
23577
5406
23573
23578
23586
23644
23569
23577
23569
23568
23644
23587
23577
23582
5404
8213
23644
23576
23590
23579
7971
23583
23644
23577
23568
23572
23578
23583
23573
23583
23589
23577
23576
5212
23572
23569
23573
23586
23573
23577
8213
23584
23587
23582
23588
23585
23644
23567
23590
23581
23585
23567
23588
9751
6492
23577
23577
5918
23644
23578
23598
23592
23579
23574
23591
23577
23644
23564
23578
23575
23581
23644
23583
23644
6492
23577
23569
23574
10588
23593
23585
23644
23579
23644
23578
23644
23584
23579
23644
8470
23585
6688
23578
23573
23644
23644
23576
23644
23564
23577
23579
23644
23644
23586
23586
23578
23577
23644
23582
23582
23579
23583
7004
11291
7200
23580
23576
23574
3860
3599
23566
23583
7965
23583
6178
23644
23579
7700
8540
23644
23583
7708
23582
23584
23581
23588
23594
23581
23583
23574
9498
5669
23574
23571
23579
23578
23644
5401
23644
23589
23579
23574
23577
10273
23592
23572
23583
23572
23584
23644
23575
23569
23587
23644
23582
23590
23575
3862
23567
4642
23570
23587
23587
23565
7185
23580
23578
6164
23644
23578
23558
23644
23580
23644
23585
23575
23588
23569
23589
23570
23581
23581
23644
23584
23589
8728
9820
23644
4132
23568
23578
23590
23581
23586
23570
8728
23586
23583
23583
23584
23558
23582
23592
23567
23644
6940
7451
9503
23644
23644
5398
23573
23571
23644
7711
4894
23571
23579
23574
6236
23576
23569
23582
23582
5145
23644
23581
7197
23644
23588
23575
23579
23571
23644
23581
23572
23644
23577
23580
23564
23588
23569
23644
23574
9256
23588
23573
23590
23573
23585
4188
23568
23644
23644
23582
23569
23644
23590
23644
23598
23644
23644
23566
23575
23577
6952
23579
23574
23568
23578
23644
23589
23582
8981
23644
23573
5394
23573
23590
23578
23585
23584
23580
23588
23580
23582
23587
23579
23588
23586
23576
23582
5980
23575
23576
23588
23585
23644
23572
23575
23583
23584
9558
23589
23577
6492
23644
6693
23578
23567
7210
23580
5921
23644
23584
23584
23581
23583
23582
23579
23644
23593
23644
23584
7451
23581
23644
23566
23644
23644
23644
23596
23574
23583
9507
23589
23066
8469
23073
23130
23052
3084
23052
3084
3084
23068
23130
23052
23052
23130
23052
23052
23052
23052
23052
3084
23052
23052
23052
23052
23052
23052
23052
23130
23052
23130
23052
23130
23052
23052
3084
23052
23052
23052
23052
3084
23052
3084
23052
23052
23052
23052
23052
23052
3084
23052
23052
23052
23052
23052
23052
23052
23130
23052
23052
2572
23052
23052
3084
23052
23052
23052
23130
3084
23052
24076
24085
24098
24158
24076
24094
24158
8743
24098
24094
24097
5406
24085
8731
24158
24089
6238
24088
7960
5151
24084
24093
24095
24082
6929
24091
24158
28254
24098
24097
24158
24096
5152
24158
24089
24090
24085
8733
24098
24158
24093
24102
24095
24083
24158
24091
24100
24085
7774
24084
24096
24093
24144
24097
24100
24158
5918
24087
24080
24158
24089
24158
5662
24086
24089
7698
24090
24084
24093
24158
24090
24075
24158
7204
24158
24100
24158
7949
24158
10793
24106
24089
6428
24158
24085
24104
24092
24100
24102
24090
24108
24158
24082
24109
24158
24095
6932
24091
24098
24094
24083
24099
24094
24098
24087
24084
24091
24085
24097
5165
24084
24158
24092
9250
24100
24158
24094
24087
24089
24093
24158
24092
7193
24092
24091
24158
24089
24100
24094
24158
24085
24072
24091
7518
24158
24081
24096
6750
8030
9503
24101
24089
24094
24090
24093
24092
5411
24085
24090
8216
24158
24088
24091
24095
24091
24087
24094
8030
24095
24158
24105
24093
24079
24089
24158
24111
24097
24087
24158
24095
24095
24094
24098
24158
24088
24086
24087
24089
11870
24102
24084
24100
24087
24100
5654
11286
5676
8470
24097
24093
24091
24158
24158
24091
24086
24089
24158
24096
24078
6936
6939
8475
24097
24158
8983
24099
24102
24098
4446
24081
24098
24084
7706
24158
24083
24090
24158
24091
7774
2910
24075
24093
24093
24158
24096
24099
24095
6427
24089
24096
7774
24158
24158
24089
24084
7262
6428
24089
5387
24085
24083
24087
24091
24089
24090
24083
24091
24099
24099
24096
24107
24101
24086
24089
24088
24095
24076
7707
24158
24096
6750
24090
6439
24089
24075
24087
24092
24103
24089
24087
24089
24098
7962
24091
24158
24102
24089
24091
24082
24146
24095
24158
24089
24084
24150
24158
24106
24101
24095
24158
24094
24158
24107
24092
24094
24158
24105
24072
24092
24095
24158
24094
24089
24108
24158
7196
7964
7189
8476
24097
24090
24090
24100
24158
24083
24089
24084
6945
7195
8542
24097
24102
24088
9566
10533
24105
24093
24084
24106
24104
7457
24093
24100
24099
24088
24092
24103
7774
8990
24099
24094
24091
9503
24101
4369
24158
24158
24096
24094
24092
24080
24093
4654
24082
24090
6925
24091
24085
24100
24089
24088
24099
24093
24095
24085
24158
6431
7518
24158
24095
24090
24092
24146
24091
24093
24094
24089
24090
5982
24087
8286
24096
24094
8477
24097
24097
24090
24100
24101
24092
8542
24097
24093
24089
6923
24091
24090
24082
24102
24103
24093
24105
24100
24093
24088
24080
24093
24158
24158
24090
24090
24091
24083
24093
6238
24088
24093
24089
24096
24091
24158
24158
24078
24098
24100
24104
10026
24103
24102
24158
24158
24096
24105
24084
24093
24095
5982
24087
24158
24103
24148
24098
24095
24080
24096
24099
24098
24089
7977
24095
24097
24091
24079
24158
24103
5911
24087
10265
24104
24097
24086
24158
24089
24097
24158
24088
24095
24092
10790
24106
24100
24102
10780
6442
24089
24105
9766
24102
24085
24099
24092
8478
24097
24086
24158
24104
24158
24101
24093
24096
24105
24106
24095
24101
24158
24158
24090
24084
5915
24087
24100
24093
24098
24100
6441
24089
24076
24094
24103
24086
24092
24098
24091
24089
24108
24096
24158
24100
24158
24090
24096
10774
24106
24085
24092
24098
24093
24094
24084
24104
7708
24094
24081
24095
24087
6169
24158
5662
24086
24104
24088
10017
24103
24092
7454
8030
24095
9501
24101
24098
24097
24094
24094
8542
24097
24104
24094
24158
24089
24152
24085
24091
24092
24158
24110
24092
24096
24079
24158
24086
7710
24158
24084
24097
24101
24091
7449
24158
24090
10270
24104
24103
5397
24158
24098
24096
24144
24105
24152
24092
24099
7699
10520
6441
24089
24088
24092
24113
24088
6176
6680
24090
4134
24080
6674
7706
24094
24080
24148
24093
24098
24096
24158
24089
24091
24098
24106
24094
24090
24104
24085
24158
24090
24158
24087
24091
24158
24097
24087
24099
8030
24158
24158
24089
24101
24107
24093
24092
24091
24098
12059
24097
24081
24091
24092
24091
24088
24086
24102
8991
24099
24071
9758
4646
24082
24094
24095
8786
24158
24088
8986
6435
24158
24092
24096
24158
24086
24101
24158
24088
10269
24104
24099
24158
24087
24090
24095
24086
24090
24158
24109
7458
24158
24102
24083
24095
24158
7970
24083
24100
24110
24095
24086
24158
24107
24098
24097
24158
24101
24084
24083
24091
24087
24088
24158
24099
24158
24096
24089
24158
3873
24077
24104
24089
24098
24092
7193
5660
24086
24093
24158
24082
24158
24102
24091
24104
24089
24091
24158
24158
8477
24097
24089
24099
24098
24081
24090
24093
24077
24094
24089
24092
24158
11037
24107
24099
24158
7200
24092
24088
24090
24090
10263
24158
5146
24084
24098
24087
24088
24090
24087
24091
24093
24094
24098
24158
24158
24087
24095
24101
24095
27920
23585
23582
23644
23563
23563
23563
23563
23644
23563
23563
23563
2908
23642
2827
23563
23563
23563
23563
23563
23563
23563
3339
23563
23563
23563
23563
23563
23563
23644
23563
23563
23563
2827
23563
23563
2908
23563
2827
23563
23563
2827
23563
23563
23563
23644
23644
23563
23563
23563
23563
2908
23644
23644
2827
23563
23563
23563
23563
23563
2827
23563
23563
23644
23563
23563
23563
23563
2827
24603
24592
24607
24597
4192
24594
7444
24605
24594
24604
6169
24600
24590
24605
24608
24593
24610
24604
24608
24672
24604
24607
24607
8476
7201
24604
24595
24672
24597
24672
24672
24600
4382
24607
24605
24605
24617
24672
24612
24599
6684
24602
7454
24605
24611
24672
8984
24611
24620
7776
24606
24609
24672
24600
11804
24622
24672
24672
24676
24672
24603
24605
7194
24604
24610
24596
7963
24607
24672
24596
24602
24598
24672
24598
24618
24613
24610
24602
24672
8220
24620
24617
24605
24849
24672
24606
24595
7520
24672
24606
24672
24609
24602
24603
24616
24672
24598
4960
24672
24672
7448
24605
4448
24593
8972
6691
24602
24614
9234
24612
24608
24859
24613
24601
24616
24604
24599
24609
24606
24612
8219
24608
24606
24607
24610
24611
24597
24598
9312
24612
24602
24611
24609
24581
24598
8996
24611
24614
24611
24608
24600
8734
24610
24605
24610
24672
24615
24613
24603
24601
24596
24672
24600
24599
24601
7456
24605
24597
7210
24672
7216
24604
24610
24612
24672
24598
24607
24606
24604
24612
24599
24672
24597
24605
24672
24604
24616
24686
24604
24601
24606
24611
24603
24607
24598
24609
24672
5984
24599
24672
24595
24605
24612
24672
24612
24672
7713
24606
8992
24611
24598
10786
24672
24597
24609
24614
24599
24605
7979
24607
9245
5728
24598
24672
24609
24606
24619
24612
24672
24672
24672
24601
5472
24597
24605
24598
24606
24614
24672
24596
24600
6941
24603
24597
24595
24610
24606
24610
24609
5728
24672
24610
24602
6933
8987
24611
24605
24614
24603
24672
24672
6435
24601
24672
24607
24585
24609
24614
24597
7452
24672
24604
24617
24598
24672
5658
24672
24672
24614
24596
24605
24602
24601
24605
24608
24613
24672
24603
11300
24672
6173
24600
24585
6169
24600
24596
7443
24672
24601
24602
24672
5216
24596
24598
24604
24620
24604
24596
24672
24597
24599
8229
24608
24596
24604
24608
24606
24611
24672
24614
24596
8220
24672
24606
24601
24606
24597
24622
24600
24600
24607
24601
24596
24672
24604
24602
24612
4389
24603
8738
4704
10002
24615
8474
24609
24612
24595
24601
24606
24596
6933
24672
24598
24672
7949
24607
24596
24606
24608
24608
24599
24672
24599
24599
24611
24603
24604
24617
24604
24607
24595
24672
7962
8223
4448
24593
24608
24597
24611
24600
8032
24607
24612
24606
24613
24613
24612
24608
24672
10012
24615
24594
24595
24594
24672
24614
24672
24672
24623
24596
24587
24604
24597
24672
24602
24600
24672
24603
4623
24594
24607
24608
28960
24625
24672
24606
24612
24606
8544
24609
24604
24601
24607
24608
24602
24611
24596
10278
24616
24601
24672
24617
24672
24611
20509
5216
24596
24603
24622
24592
24672
24607
24598
24672
24606
8477
24672
24672
24672
24601
24602
24603
24614
24605
6925
24603
24609
24608
7464
24605
24612
8800
24610
24600
24613
24603
24610
24607
24611
24672
24597
24606
24601
6437
24601
24609
24599
24672
24606
24612
24607
24612
24601
24601
11811
24622
24599
24672
24610
24595
24618
24672
24597
7776
24606
24600
24607
8544
24609
24599
24598
24601
24602
24609
10266
24672
24605
24595
24614
7776
9502
10277
24616
9754
24614
24607
24599
24620
24603
24610
24594
24608
24672
24608
24600
9508
24613
24599
24614
24608
24604
24612
24619
24601
24672
24616
24608
24606
8478
24672
24615
24603
24604
6675
24602
24611
24608
24610
24609
11043
24672
24598
24609
24594
24672
6175
24600
24600
24601
24597
24620
24603
24611
24672
24672
8224
9760
24614
7958
24607
24672
24606
24609
24610
7955
24607
24609
24598
24609
9751
24614
24614
24614
24604
8477
24609
24607
5910
24672
24619
5405
24597
24604
24608
24600
11032
24619
4377
24593
24603
24595
24599
24597
24672
24609
24593
24672
24606
7183
24604
8464
24609
24610
24612
24605
24598
24602
24622
24605
24604
24597
24598
24604
24605
24616
24600
24610
8472
24609
24589
9757
24614
24606
24600
8984
6947
24603
24611
24605
24611
24672
10779
24618
24672
7960
24607
24605
11550
24621
24598
24617
24599
24614
9235
10276
24616
10255
24616
24609
24672
24621
24608
24605
24615
24591
8989
9507
24672
24609
24672
24613
24672
24609
7964
24672
7776
24606
6435
24601
24613
24598
24598
24672
24672
24672
5913
24599
24602
24604
24672
24606
24608
24598
24606
24602
24602
24606
24606
24672
24624
24672
24605
24672
24618
24672
24617
24598
24603
24603
6180
7448
24605
24672
24600
24600
24618
24606
24672
24600
24620
10277
24616
24608
24611
24613
24672
24608
24611
24672
24614
24613
24602
24672
24606
24607
24672
24609
6424
24601
24614
24622
24672
24606
24593
24600
24598
24606
24615
24672
10025
24615
24606
24608
24605
24672
24608
24672
24672
8800
24610
24672
24608
20766
24686
24609
24596
24672
24605
24615
24672
24603
24596
24606
24602
7463
24605
24603
24604
24672
24602
24617
24612
24598
24611
3424
24077
24158
3341
24077
24077
24077
24077
24077
24077
24077
24158
24158
24077
24077
24077
24158
24077
24077
24077
24077
24077
24158
19981
24077
24077
24077
3341
24077
24077
24077
24077
3357
19981
24077
24077
24158
24077
3341
24158
3341
24077
24077
3341
24077
24077
24158
3853
24077
24077
24077
24077
3422
24077
24158
3341
24077
3341
24077
24077
24158
25101
25112
25128
25122
25130
25121
25123
25186
25110
25124
25186
25128
4450
25186
25126
25186
25132
25114
25121
25120
25107
8736
25126
25125
25123
25186
25106
25118
25113
25112
25115
25117
25119
25186
25118
25108
25113
25124
25122
25117
25127
25109
8546
25121
11556
25186
3871
25186
25120
25117
25126
25115
25118
8999
25123
25113
25118
25110
25110
25186
25123
25117
25186
25115
25130
25110
25186
25118
10266
9826
25126
25122
25119
25186
25125
25123
25122
25112
25116
25119
25117
25122
25124
25120
25186
25119
25186
25186
25116
25111
25139
25115
25116
25107
25112
25122
25110
25122
6242
8728
25186
25186
10016
12386
7522
9501
10850
9058
25186
6754
6754
6754
8290
5986
6498
11874
9058
8802
9314
25186
7447
5917
8290
6432
25186
6754
6498
8808
25186
8034
7522
5218
25186
4450
25186
8290
8546
7010
7266
5474
8290
6688
8290
6496
8546
8993
8739
7458
10338
7720
8290
25186
3682
7438
7778
6754
7010
11618
7778
25186
7266
6428
6498
25186
8802
6498
25113
7522
7010
10338
10338
7266
6754
10850
8746
7522
7522
5986
10594
7209
10850
8034
8223
5408
5653
25186
7266
4706
9058
7522
4125
6498
5474
5986
10594
5986
10775
5218
25186
8290
8546
6754
9570
7522
25186
9234
4644
9058
9570
9570
4962
10850
9570
9826
25186
25186
6498
4194
7778
25186
21346
5730
4886
6163
7266
6242
10594
6242
5656
6242
10008
3938
9058
8802
9314
10532
10082
8546
5474
7778
10082
6754
7778
10594
8802
6178
7266
25116
7778
25186
7778
8290
11874
8034
6498
9826
6754
8802
9058
8739
25186
4706
9058
8034
25186
11618
7266
8034
8223
25186
5730
9826
25186
7010
4962
7266
8476
25186
7266
8476
25186
7522
6685
8546
8802
6498
9241
9764
10022
5474
25186
10522
9058
9058
11106
7010
4706
7266
9570
6498
4889
7699
6498
7522
9826
11618
8493
6498
8802
9058
4706
7698
7522
12386
11106
9314
6754
25186
25186
9314
9570
10850
11106
8491
8546
6754
25186
6754
9826
7718
11618
25186
5986
25186
6682
5986
11543
7266
6754
5146
10594
8802
5218
7778
4450
25186
25186
8034
7727
25186
8290
6432
25186
9058
8290
8290
9314
8034
6242
8290
10338
5474
7266
9570
25186
6691
10082
10338
25186
8546
3938
5218
11618
7213
6172
4962
8723
25186
8546
9058
11874
10338
25186
9826
7266
9570
9058
4706
7522
8477
8802
25132
4962
7522
6498
6697
7010
25186
5916
8802
6178
5986
11106
9826
8802
4962
6498
7010
4450
6929
5730
25186
9570
9570
8290
5730
7958
25186
25117
9058
8483
6754
7778
6754
6938
3938
7266
6428
7266
10082
5986
7010
25186
7522
8802
25186
8802
9570
6242
10338
6754
11106
7778
6242
8802
25186
9570
25186
6498
9314
7522
4194
8802
25186
25186
6498
10594
25186
6754
6170
8984
10019
6498
9058
7266
10338
7464
25117
25124
7522
8034
25186
7010
7522
4893
7266
10594
7778
8290
8546
7778
7778
25186
8034
12386
21040
9826
9826
10022
25186
25186
6754
10594
25186
5986
9314
25186
8034
8802
6242
9826
7778
6174
8034
8546
25121
7266
8546
25186
25186
8802
8034
25186
5474
4962
25186
25186
10850
9314
9764
9826
8802
8290
9314
7972
11618
9570
6242
8034
5474
25186
25186
9236
8034
25186
7969
25186
25186
9314
25186
7778
8034
5986
8802
11106
7266
25186
8038
8546
6242
7522
8802
7266
10594
8745
11874
7470
9570
25186
7266
8220
8546
9826
8546
25186
3170
8802
10594
6754
21346
10594
8802
8802
1378
8546
10850
7522
10013
9058
9570
6754
6754
8730
6242
25186
9314
8290
10016
7522
7522
9826
3938
9826
8546
25121
9826
8290
7778
25186
3170
10850
8290
11362
11308
6498
25186
29282
8290
25186
8802
5474
11285
11052
8546
9570
8802
7778
25186
7266
4962
8802
7522
4962
7266
9570
11106
8802
8738
5730
7778
25186
8034
4706
10594
25186
25186
9570
6754
6682
7778
7522
7778
7522
6242
9570
4962
6242
25186
7778
8546
10017
6242
7266
9058
25186
7266
8034
11874
25186
7522
8802
5986
8802
6946
10011
8546
25186
11362
5164
6932
6242
7960
5474
8802
9058
5730
10850
25130
7459
8802
25186
2914
5986
8290
6242
25112
8546
8290
9314
8802
10850
6186
7522
25117
7266
25186
7010
8546
6689
7522
7266
9570
4706
7010
7778
11362
4962
3347
9826
12642
9265
10082
9826
8802
8482
7457
25186
5150
7444
7266
7778
6754
7522
6242
7266
10082
4706
9570
25186
11106
5675
25186
5986
9058
5474
25186
8546
7522
7197
7266
5474
5986
4450
25186
7010
7195
10082
8034
10783
8746
25186
8290
7266
25186
6498
9241
8546
5921
25186
8546
25186
9314
9314
25186
25186
9314
7012
7010
9570
7522
5730
3938
10594
7266
25186
7522
25186
10594
2146
9224
5668
8802
8226
6944
10082
25186
10850
7266
7522
11874
25186
9570
7010
8290
11106
6498
9058
6498
4968
25186
7522
25186
8290
6498
7266
7522
7778
9058
10338
25186
7778
4894
25186
6171
9314
7522
7010
9058
6498
7266
25186
3426
8802
5986
25186
6498
8546
11362
25186
8290
21090
5986
25186
8302
5664
6242
9570
9826
7778
25186
7266
10338
4450
5986
7522
8989
6947
25186
13410
8546
5730
7778
6430
9826
8486
11618
10594
4450
8802
7010
25186
6754
9058
8546
8290
10272
9058
10082
11106
8034
8223
25186
25186
25186
9570
9826
11874
8034
25186
7010
7451
11106
7266
25186
7010
7778
8802
5474
11029
8290
10338
25186
6242
10594
25186
8483
10338
6754
9314
25124
9826
25186
25186
4962
5218
7522
9314
7522
25186
7522
25186
5988
8471
5986
8546
25186
11106
7723
10270
5986
4631
25106
8546
12898
9570
25186
8034
8290
7266
8034
8546
25186
10338
6242
25186
7522
9570
3172
7010
10267
25128
25186
8733
25186
10259
25186
9826
25186
25186
9058
8995
11618
7778
7010
7266
25116
8802
6242
8290
10850
6498
9497
7973
3938
3936
24591
3936
3936
24672
3936
3936
24672
3936
24591
3855
3936
24672
3936
24672
3936
3936
3936
24672
3936
3936
24672
3936
24672
3855
3936
3936
3855
24672
24672
3950
3936
24672
3936
3936
3936
3855
3936
3936
3936
3936
24672
3936
24672
3936
24672
3936
3936
3855
4196
6244
9496
4964
7780
6958
4964
5139
9236
25700
25700
7780
10270
7268
6756
5988
8804
7458
4964
25700
25620
6756
11034
7012
10523
6500
6500
5220
9492
5220
25700
9316
10276
25700
10596
6756
25700
9316
6756
6244
7268
7524
7709
25700
9572
7780
8548
5476
5732
5220
4964
25700
10340
7012
9060
6756
5476
25700
8804
8036
4708
8804
7458
25700
10596
25700
7524
10340
7780
6500
25700
9751
8292
25700
9060
5732
25700
25700
25700
25700
9828
8804
10786
25700
10084
11047
8235
8804
6244
8036
8804
25700
8548
8036
7780
8292
4964
5220
25620
6682
7268
7268
7780
7268
5220
25620
25880
8804
11810
6756
8804
10084
10596
10596
5476
25700
9060
8548
25700
11364
5476
10852
7524
7780
6686
7012
8292
25700
5476
7268
13924
10550
8548
10340
6756
7450
7268
5148
7268
5220
8292
25700
4902
25700
8485
9316
8036
5988
5143
9748
8804
25700
6500
7780
9758
25700
8715
9316
7012
25700
4708
25700
8548
7012
10852
8804
7268
4452
6929
6500
25700
7208
3940
10596
6500
9828
10086
7524
9316
25700
25700
25700
7780
5220
5988
5732
8726
10596
8548
8737
6244
11800
8036
25700
6756
7012
8292
7012
8292
7780
8036
8036
25700
9316
5476
7524
8804
6756
10852
10538
25700
4964
7268
6756
25700
9250
8548
10529
8548
8036
7711
8292
5988
7012
25700
7524
25700
25700
25641
10852
5988
5732
9316
6500
6500
10265
8548
11364
10852
7780
8036
25700
25700
12388
8496
25700
8804
25634
25700
10340
8804
8036
25700
9001
25700
11108
5220
8804
5476
8292
5988
10340
25640
7524
5988
7191
25700
25700
8292
6688
6756
8474
10273
7012
8292
25700
9828
25700
25700
25700
7268
5220
8212
6756
8218
9060
5732
7780
6756
9060
25700
7524
10340
6244
7524
8036
6431
9060
4131
8804
8036
7012
6244
8292
9060
11620
9060
8036
10084
7268
25700
9060
7268
8476
7268
7268
8220
8804
7458
9828
7012
4196
10852
25700
8548
25700
25700
25700
7524
3428
8044
8292
25700
5220
6244
7012
10084
6500
10340
9572
8804
8226
8548
7268
7268
7780
8036
8735
7202
5988
25700
8036
25700
25700
8292
25700
8036
7780
9316
25700
9060
8036
7012
7780
8036
9828
5476
21860
7268
7452
8804
25700
9316
6500
5732
11620
25700
21860
25700
7780
6500
25625
8804
6756
12900
7268
8732
5476
8036
25700
25700
8036
7268
10340
8292
6500
21860
8292
6244
7012
7451
9060
6500
25700
9316
8292
9316
25700
7012
10596
6244
5476
10084
9316
2404
8804
9828
9060
8292
7268
9572
5988
10007
7719
25700
7524
7965
25700
11364
9060
8036
8036
7199
8548
7780
9316
6500
11364
9060
25700
5732
6756
8548
12388
25700
9572
11364
7468
9316
8996
9060
9316
10340
9060
7780
6244
8548
6689
5732
6756
5732
9828
8036
9060
11043
8036
9316
9252
25700
7780
6756
5476
25700
9316
6500
7268
9572
8804
7524
9572
25700
11108
9578
25700
25700
10084
11366
9828
7718
10852
25700
9064
6244
25956
8548
3172
9828
5476
8548
5732
5910
4119
8548
25700
7268
7780
8734
9316
8228
7968
6500
25700
8036
10783
6500
6244
7012
12138
8548
8804
5988
3940
7780
6756
10266
11364
7980
5151
9236
7780
7966
25700
10084
7012
4452
25700
7780
12132
10799
7268
21860
9060
6691
25700
6756
8548
8548
25700
9828
10022
25700
10084
6439
10340
5988
5988
7447
7012
4196
25616
11622
25700
9316
10596
10084
8292
7524
8221
6500
10596
25700
8804
8548
11108
9259
8292
25700
9316
7524
10596
9769
5414
11364
9828
8548
5476
6244
9060
7012
10084
8548
25633
14436
7480
8804
10596
8036
8548
6756
7012
11364
9316
11556
7012
6171
9572
25637
2660
4964
9572
8485
7713
9828
9828
25700
9511
7012
7524
6429
5732
25700
9765
10022
9316
25636
9316
6756
7012
9572
11364
11108
8747
10340
7524
25629
9316
8548
6756
7450
10596
10084
8804
25634
6756
7534
7524
9828
9572
9253
25700
10084
6500
9060
6756
25700
6756
10778
8036
4895
10084
7268
25700
8036
7967
12575
9316
11108
7524
9060
6756
8036
6500
8548
9572
9572
8485
6945
25700
7268
4964
7012
4964
7524
7197
9572
8292
5476
7780
5988
10084
7268
25700
7466
9828
25700
10268
8804
25700
7780
7524
25700
11364
6500
25700
7524
7524
7012
10596
11108
4907
4708
10084
7463
6756
5220
4708
7780
6686
9754
8292
6500
7780
25700
8804
9060
12644
8548
9828
5220
9316
7268
25700
10084
11108
7723
8036
10084
5732
9238
25700
25700
8804
7780
25700
25700
9572
7780
11876
9316
25700
9060
6500
10340
7012
10596
6500
25700
6500
6244
6244
6500
8292
8804
25700
11287
10084
9316
25700
10852
25700
9572
8548
7201
6684
25700
9572
7268
9060
10852
11108
25700
5413
25700
5926
7012
25700
5988
6500
7524
4196
7780
13342
8804
8548
9316
8804
10596
9257
7460
8804
21860
8217
25700
5476
25700
11108
10340
4708
9828
9572
6244
8292
25700
25636
7268
25628
5732
25700
11364
7524
25885
6697
8218
9060
7780
6756
8218
10084
6756
10596
7209
5660
7524
11108
25700
12900
10084
6500
10521
8548
7201
7012
25700
10340
12132
7215
12132
25700
5663
8292
9316
9572
5732
7012
25700
7780
9316
9572
25700
25700
9316
8292
8548
7524
8733
5988
6679
8036
9316
6244
25700
4964
10003
12839
7780
8292
25700
7524
12900
11364
25700
6244
4120
6244
8548
9316
9828
9510
9765
8742
8226
8036
7711
10084
7780
10852
11876
6446
10340
10596
25700
6500
25700
10790
7012
25700
4892
10596
12900
8754
8804
25700
7780
8548
13412
8292
25700
9316
9828
12388
25648
9060
7715
25700
1124
3854
10340
9316
8292
8548
9316
3684
7524
8292
7456
8733
8036
25700
25700
25700
7193
6244
10084
5220
25700
10084
8292
6500
5657
10596
9769
10596
6756
9572
6500
4964
25700
6688
10266
25700
25700
9828
25700
8986
11620
8036
8292
7524
6500
5988
7780
25630
8036
7199
25188
25186
3938
3938
3938
3855
3938
3938
3938
3855
25186
25186
3938
3938
25186
3938
3855
3938
3938
3938
3938
3938
3938
3938
3938
3938
3938
3938
25186
17250
3938
25186
3938
25186
3938
3938
25186
25186
3938
3950
3938
3855
3855
3938
25103
25186
3855
3938
3938
3938
3938
3855
3938
3938
3855
3938
3938
3855
3938
3938
3938
3938
3938
10767
26214
7526
22118
11366
7014
11110
10027
7014
10779
5990
5734
11030
7782
3430
9062
26214
9574
8229
10086
26214
7526
7526
8038
7455
8989
8806
9062
6246
8806
26214
26214
26214
26214
9574
6502
26214
10598
7014
9318
10342
5990
11366
9574
6949
8294
10854
8806
26214
6758
5402
10598
9318
26214
11110
7014
9243
5734
10086
9574
26214
8806
8550
26214
8806
10086
8806
8294
8038
6758
7526
8477
9830
10342
7014
9318
9830
11110
5738
9318
8550
5222
8806
11622
9830
7782
5990
11366
6502
26214
7782
7526
6246
26214
7526
11549
6502
26214
5734
9062
8038
9247
26214
7014
5659
6758
7962
8991
9318
7524
6508
7272
6758
9318
26214
8220
9830
12646
26214
26214
5734
9830
7014
11110
9062
8038
6943
10598
8550
26214
10086
10342
7782
7966
7526
6246
8038
26214
8806
26214
10342
7270
8294
10854
12902
8242
7712
9062
26214
6502
11366
26214
7526
26214
5917
7782
11110
26214
8994
6758
9318
11110
10086
5990
7526
10525
9574
5478
8038
8038
10854
9770
26214
5734
7526
6246
26214
26214
7270
7014
10523
10598
7014
8038
9318
9318
5990
10342
26214
5670
10262
10598
8038
26214
26214
10342
11816
9062
8739
9574
7270
10598
11366
2918
8294
10342
10598
26214
8229
26144
8806
26214
8038
11295
7212
7270
7014
7782
5222
8806
9318
7014
8806
8294
7270
8038
10598
3686
26214
7270
5990
9318
8550
22374
6758
8550
7014
26214
11366
7014
9062
26214
7270
9574
9318
26214
9062
9763
11366
8806
10086
3942
8550
8550
26214
5734
8038
10598
11878
9062
9830
26214
7782
7526
8294
9318
7204
6940
7963
5222
10342
6696
8218
7270
6758
10266
11366
8550
9574
10086
6758
5658
8038
7455
10598
8294
9830
6502
26214
8294
11552
6246
8550
9318
9830
9510
26214
6246
8550
26214
26214
26214
26214
26214
10598
9830
5734
10342
8550
9062
11622
7469
6685
9830
7270
11622
26157
10086
7526
10598
5734
5478
8725
12134
26214
9062
9062
6246
6680
9318
10598
7209
10524
8038
5734
10006
7782
6246
6246
6758
9830
9318
8806
10342
9318
7270
11878
7214
5990
10342
10854
7978
26143
9318
6436
4710
7526
26214
9062
26214
26214
11366
26214
5990
9062
26214
10854
26214
7270
8550
10854
5734
12646
10342
5734
10598
3942
26214
6246
26214
9318
8550
9318
10598
26214
9062
26214
8550
6689
26214
9318
26214
8806
7526
10598
9574
9574
9253
8294
10086
7782
8038
9830
11622
8550
9062
7782
11038
6502
10854
26214
26214
5734
8038
9830
5926
8806
8294
9062
7270
8038
7526
8806
26214
26214
9318
8806
6246
26214
7270
5734
10854
9318
6758
10266
7976
8991
10082
26214
26214
10342
26214
9574
5157
26214
13926
9574
7782
7782
8550
8550
26214
5734
9238
6502
5990
26214
26214
11110
26214
26214
7270
7708
7526
7965
10527
9318
8806
8038
26214
9318
10788
26154
26214
11110
8038
8550
26214
26214
6758
10266
7782
11878
26214
9574
10854
7270
13414
7526
5990
26214
8806
10854
9258
6758
10086
7526
7270
7014
8294
7270
26214
9830
6758
8294
10784
11366
10598
8038
26214
6246
10854
9258
9574
12390
8294
8224
8480
26145
9830
8294
26214
11622
10342
9318
11300
26214
9318
8550
10273
26214
3942
26127
14182
8038
26214
12390
10544
11878
26214
10598
26214
8806
7970
9574
9062
10086
26214
26214
26214
9574
11110
7782
6502
26214
8294
9062
26214
11622
3174
7014
9243
7972
7014
9574
6246
26214
9830
9318
26214
5990
26214
5990
26214
11622
26214
6502
7526
10854
7782
8038
7782
11878
6502
8806
6246
26214
10342
7270
9830
9830
10854
9574
11045
26214
7526
7782
7270
26140
9574
26214
7270
26214
26214
7782
26214
11813
7270
26140
3686
9062
9062
7971
8294
9318
26214
4966
8979
12902
11366
26156
26214
8806
26146
11366
7724
8550
5478
9574
26214
5990
26214
11366
5222
9830
7974
7455
26214
8038
3430
7270
10598
9062
7270
8550
26214
9830
5670
7014
10598
7528
26214
8733
9062
26214
10086
9830
8294
26144
11878
9518
9062
26214
9574
9062
26214
7526
8038
9062
7782
6502
11622
10342
9830
9062
8995
9574
26214
26214
7782
7526
8550
9062
26214
9062
26214
4710
10086
26214
6502
9753
11366
7468
7453
8294
9830
9830
10854
5222
13844
7014
26214
9318
6948
26214
10086
10023
10854
5734
4454
7782
26158
8806
10854
5990
6681
8294
26214
10854
26214
26137
9318
5990
6246
5990
6246
7192
9574
10020
26214
8294
26214
26214
7270
9830
9830
7270
8550
26214
9830
5926
10007
7975
5478
7014
9243
8740
7782
10086
7526
11878
11110
11366
8038
7782
10086
26214
9830
9510
9830
8742
8294
8294
26214
9574
6758
6758
8730
8738
7782
8294
9574
8294
26144
8744
6246
26216
10086
3430
12134
5222
9062
4899
10342
11110
7014
8038
7782
8806
8550
8806
8806
10530
11366
26214
9062
6502
11366
9574
11366
8550
8481
8993
7270
7270
5478
9062
10086
9574
9062
11811
10854
6246
9062
26214
12390
8550
8481
7782
8550
8038
26214
7526
11622
8038
26214
10854
8294
11622
8550
10854
9318
7526
5990
7014
7782
26214
10854
10854
8294
5734
9830
26214
8806
10342
9000
7270
7270
11622
26214
7270
9318
9508
10854
6502
6937
9499
8294
26214
12835
11110
6758
4454
26214
8294
8038
7455
7014
8806
8294
26214
8038
13926
8294
6758
10010
26214
9062
7971
10015
12134
5423
8038
8550
6945
10598
9769
5734
8986
10342
6502
6425
7782
26222
26214
9830
9830
5222
12052
10031
26214
11050
9259
9574
9062
6947
12571
3942
4111
5990
6502
26214
8038
8294
26214
9318
9574
10086
9318
26214
9318
26214
26214
26214
8038
6502
9062
12390
11296
26214
10086
7526
8806
11042
10086
4710
8294
10598
8550
6758
13670
10854
26214
7526
8294
9574
6502
11110
7211
26214
5222
9236
8806
6754
6246
7270
26220
9830
26214
7014
9318
