#Layer_Color=32768
#
#Feature symbol names
#
$0 r3.937
$1 r1.9685

#
#Feature attribute names
#

#
#Layer features
#
L -0.0432677 0.260118 -0.0432677 0.7241338 0 P 0
L -0.0432677 0.260118 0.3080709 0.260118 0 P 0
L -0.0432677 0.7241338 0.3080709 0.7241338 0 P 0
L 0.1469978 0.7933071 0.1469978 0.9153543 1 P 0
L 0.1469978 0.7933071 0.206053 0.7933071 1 P 0
L 0.1469978 0.9153543 0.206053 0.9153543 1 P 0
L 0.1647144 0.8543307 0.1883364 0.8543307 1 P 0
L 0.1765254 0.8425197 0.1765254 0.8661417 1 P 0
L 0.1801181 0.4419292 0.1801181 0.5639764 1 P 0
L 0.1801181 0.4419292 0.2391733 0.4419292 1 P 0
L 0.1801181 0.5639764 0.2391733 0.5639764 1 P 0
L 0.1978347 0.5029528 0.2214567 0.5029528 1 P 0
L 0.206053 0.7933071 0.206053 0.9153543 1 P 0
L 0.2096457 0.4911418 0.2096457 0.5147638 1 P 0
L 0.2391733 0.4419292 0.2391733 0.5639764 1 P 0
L 0.2824787 0.3189008 0.2824787 0.377956 1 P 0
L 0.2824787 0.3189008 0.4045259 0.3189008 1 P 0
L 0.2824787 0.377956 0.4045259 0.377956 1 P 0
L 0.2824787 0.5147769 0.2824787 0.5738321 1 P 0
L 0.2824787 0.5147769 0.4045259 0.5147769 1 P 0
L 0.2824787 0.5738321 0.4045259 0.5738321 1 P 0
L 0.2834629 0.4498063 0.2834629 0.5088615 1 P 0
L 0.2834629 0.4498063 0.4055101 0.4498063 1 P 0
L 0.2834629 0.5088615 0.4055101 0.5088615 1 P 0
L 0.2844488 0.3848425 0.2844488 0.4438977 1 P 0
L 0.2844488 0.3848425 0.402559 0.3848425 1 P 0
L 0.2844488 0.4438977 0.402559 0.4438977 1 P 0
L 0.2844488 0.5807086 0.2844488 0.6397638 1 P 0
L 0.2844488 0.5807086 0.402559 0.5807086 1 P 0
L 0.2844488 0.6397638 0.402559 0.6397638 1 P 0
L 0.2952723 0.1311711 0.2952723 0.2532183 1 P 0
L 0.2952723 0.1311711 0.3543275 0.1311711 1 P 0
L 0.2952723 0.2532183 0.3543275 0.2532183 1 P 0
L 0.3080709 0.260118 0.3080709 0.7241338 0 P 0
L 0.3129889 0.1921947 0.3366109 0.1921947 1 P 0
L 0.3247999 0.1803837 0.3247999 0.2040057 1 P 0
L 0.3316913 0.3484284 0.3553133 0.3484284 1 P 0
L 0.3316913 0.5443045 0.3553133 0.5443045 1 P 0
L 0.3316929 0.4143701 0.3553149 0.4143701 1 P 0
L 0.3316929 0.6102362 0.3553149 0.6102362 1 P 0
L 0.3326755 0.4793339 0.3562975 0.4793339 1 P 0
L 0.3435023 0.3366174 0.3435023 0.3602394 1 P 0
L 0.3435023 0.5324935 0.3435023 0.5561155 1 P 0
L 0.3435039 0.4025591 0.3435039 0.4261811 1 P 0
L 0.3435039 0.5984252 0.3435039 0.6220472 1 P 0
L 0.3444865 0.4675229 0.3444865 0.4911449 1 P 0
L 0.3543275 0.1311711 0.3543275 0.2532183 1 P 0
L 0.371063 0.0669291 0.371063 0.2677165 1 P 0
L 0.371063 0.0669291 0.5875984 0.0669291 1 P 0
L 0.371063 0.2677165 0.5875984 0.2677165 1 P 0
L 0.402559 0.3848425 0.402559 0.4438977 1 P 0
L 0.402559 0.5807086 0.402559 0.6397638 1 P 0
L 0.4045259 0.3189008 0.4045259 0.377956 1 P 0
L 0.4045259 0.5147769 0.4045259 0.5738321 1 P 0
L 0.4055101 0.4498063 0.4055101 0.5088615 1 P 0
L 0.4242126 0.3453995 0.4242126 0.7568169 1 P 0
L 0.4242126 0.3453995 0.83563 0.3453995 1 P 0
L 0.4242126 0.7568169 0.83563 0.7568169 1 P 0
L 0.4605315 0.1673228 0.4999016 0.1673228 0 P 0
L 0.4802165 0.1476377 0.4802165 0.1870078 0 P 0
L 0.4822866 0.7952773 0.4822866 0.9173245 1 P 0
L 0.4822866 0.7952773 0.5413418 0.7952773 1 P 0
L 0.4822866 0.9173245 0.5413418 0.9173245 1 P 0
L 0.5000032 0.8563009 0.5236252 0.8563009 1 P 0
L 0.5118142 0.8444899 0.5118142 0.8681119 1 P 0
L 0.531496 0.8110236 0.531496 0.9330708 1 P 0
L 0.531496 0.8110236 0.5905512 0.8110236 1 P 0
L 0.531496 0.9330708 0.5905512 0.9330708 1 P 0
L 0.5413418 0.7952773 0.5413418 0.9173245 1 P 0
L 0.5492126 0.8720472 0.5728346 0.8720472 1 P 0
L 0.5541339 0.4596456 0.5541339 0.5187008 1 P 0
L 0.5541339 0.4596456 0.6761811 0.4596456 1 P 0
L 0.5541339 0.5187008 0.6761811 0.5187008 1 P 0
L 0.5541339 0.527559 0.5541339 0.5866142 1 P 0
L 0.5541339 0.527559 0.6761811 0.527559 1 P 0
L 0.5541339 0.5866142 0.6761811 0.5866142 1 P 0
L 0.5610236 0.8602362 0.5610236 0.8838582 1 P 0
L 0.5875984 0.0669291 0.5875984 0.2677165 1 P 0
L 0.5905512 0.8110236 0.5905512 0.9330708 1 P 0
L 0.5915354 0.7962599 0.5915354 0.9183071 1 P 0
L 0.5915354 0.7962599 0.6505906 0.7962599 1 P 0
L 0.5915354 0.9183071 0.6505906 0.9183071 1 P 0
L 0.6033465 0.4891732 0.6269685 0.4891732 1 P 0
L 0.6033465 0.5570866 0.6269685 0.5570866 1 P 0
L 0.6043307 0.1318898 0.6043307 0.253937 1 P 0
L 0.6043307 0.1318898 0.6633859 0.1318898 1 P 0
L 0.6043307 0.253937 0.6633859 0.253937 1 P 0
L 0.609252 0.8572835 0.632874 0.8572835 1 P 0
L 0.6151575 0.4773622 0.6151575 0.5009842 1 P 0
L 0.6151575 0.5452756 0.6151575 0.5688976 1 P 0
L 0.621063 0.8454725 0.621063 0.8690945 1 P 0
L 0.6220472 0.2696851 0.6220472 0.3877953 1 P 0
L 0.6220472 0.2696851 0.6811024 0.2696851 1 P 0
L 0.6220472 0.3877953 0.6811024 0.3877953 1 P 0
L 0.6220473 0.1929134 0.6456693 0.1929134 1 P 0
L 0.6338583 0.1811024 0.6338583 0.2047244 1 P 0
L 0.6397638 0.3287402 0.6633858 0.3287402 1 P 0
L 0.6505906 0.7962599 0.6505906 0.9183071 1 P 0
L 0.6515748 0.3169292 0.6515748 0.3405512 1 P 0
L 0.6574803 0.8110236 0.6574803 0.9330708 1 P 0
L 0.6574803 0.8110236 0.7165355 0.8110236 1 P 0
L 0.6574803 0.9330708 0.7165355 0.9330708 1 P 0
L 0.6594488 0.7962599 0.6594488 0.9183071 1 P 0
L 0.6594488 0.7962599 0.718504 0.7962599 1 P 0
L 0.6594488 0.9183071 0.718504 0.9183071 1 P 0
L 0.6633859 0.1318898 0.6633859 0.253937 1 P 0
L 0.6751969 0.8720472 0.6988189 0.8720472 1 P 0
L 0.6761811 0.4596456 0.6761811 0.5187008 1 P 0
L 0.6761811 0.527559 0.6761811 0.5866142 1 P 0
L 0.6771654 0.8572835 0.7007874 0.8572835 1 P 0
L 0.6811024 0.2696851 0.6811024 0.3877953 1 P 0
L 0.6870079 0.8602362 0.6870079 0.8838582 1 P 0
L 0.6889763 0.269695 0.6889763 0.3917422 1 P 0
L 0.6889763 0.269695 0.7480315 0.269695 1 P 0
L 0.6889763 0.3917422 0.7480315 0.3917422 1 P 0
L 0.6889764 0.8454725 0.6889764 0.8690945 1 P 0
L 0.7066929 0.3307186 0.7303149 0.3307186 1 P 0
L 0.7165355 0.8110236 0.7165355 0.9330708 1 P 0
L 0.7185039 0.3189076 0.7185039 0.3425296 1 P 0
L 0.718504 0.7962599 0.718504 0.9183071 1 P 0
L 0.7263779 0.8116044 0.7263779 0.9336516 1 P 0
L 0.7263779 0.8116044 0.7854331 0.8116044 1 P 0
L 0.7263779 0.9336516 0.7854331 0.9336516 1 P 0
L 0.7309055 0.1397638 0.7309055 0.238189 1 P 0
L 0.7309055 0.1397638 0.8970473 0.1397638 1 P 0
L 0.7309055 0.238189 0.8970473 0.238189 1 P 0
L 0.7440945 0.872628 0.7677165 0.872628 1 P 0
L 0.7480315 0.269695 0.7480315 0.3917422 1 P 0
L 0.7559055 0.860817 0.7559055 0.884439 1 P 0
L 0.7854331 0.8116044 0.7854331 0.9336516 1 P 0
L 0.7923228 0.8110236 0.7923228 0.9330708 1 P 0
L 0.7923228 0.8110236 0.851378 0.8110236 1 P 0
L 0.7923228 0.9330708 0.851378 0.9330708 1 P 0
L 0.8100394 0.8720472 0.8336614 0.8720472 1 P 0
L 0.8218504 0.8602362 0.8218504 0.8838582 1 P 0
L 0.83563 0.3453995 0.83563 0.7568169 1 P 0
L 0.851378 0.8110236 0.851378 0.9330708 1 P 0
L 0.860233 0.8110253 0.860233 0.9330725 1 P 0
L 0.860233 0.8110253 0.9192882 0.8110253 1 P 0
L 0.860233 0.9330725 0.9192882 0.9330725 1 P 0
L 0.8602362 0.619082 0.8602362 0.6781372 1 P 0
L 0.8602362 0.619082 0.9822834 0.619082 1 P 0
L 0.8602362 0.6781372 0.9822834 0.6781372 1 P 0
L 0.8622068 0.6840526 0.8622068 0.7431078 1 P 0
L 0.8622068 0.6840526 0.980317 0.6840526 1 P 0
L 0.8622068 0.7431078 0.980317 0.7431078 1 P 0
L 0.8779496 0.8720489 0.9015716 0.8720489 1 P 0
L 0.8848425 0.2618035 0.8848425 0.3208587 1 P 0
L 0.8848425 0.2618035 1.0029527 0.2618035 1 P 0
L 0.8848425 0.3208587 1.0029527 0.3208587 1 P 0
L 0.8858288 0.3267741 0.8858288 0.3858293 1 P 0
L 0.8858288 0.3267741 1.003939 0.3267741 1 P 0
L 0.8858288 0.3858293 1.003939 0.3858293 1 P 0
L 0.8897606 0.8602379 0.8897606 0.8838599 1 P 0
L 0.8970473 0.1397638 0.8970473 0.238189 1 P 0
L 0.9064941 0.5994069 0.9064941 0.6584621 1 P 0
L 0.9064941 0.5994069 1.0246043 0.5994069 1 P 0
L 0.9064941 0.6584621 1.0246043 0.6584621 1 P 0
L 0.9064961 0.4694682 0.9064961 0.5285234 1 P 0
L 0.9064961 0.4694682 1.0246063 0.4694682 1 P 0
L 0.9064961 0.5285234 1.0246063 0.5285234 1 P 0
L 0.9074803 0.5344388 0.9074803 0.593494 1 P 0
L 0.9074803 0.5344388 1.0255905 0.5344388 1 P 0
L 0.9074803 0.593494 1.0255905 0.593494 1 P 0
L 0.9094488 0.6486096 0.9330708 0.6486096 1 P 0
L 0.9094509 0.7135802 0.9330729 0.7135802 1 P 0
L 0.9163385 0.113189 0.9163385 0.2352362 1 P 0
L 0.9163385 0.113189 0.9753937 0.113189 1 P 0
L 0.9163385 0.2352362 0.9753937 0.2352362 1 P 0
L 0.9192882 0.8110253 0.9192882 0.9330725 1 P 0
L 0.9212598 0.6367986 0.9212598 0.6604206 1 P 0
L 0.9212619 0.7017692 0.9212619 0.7253912 1 P 0
L 0.9320866 0.2913311 0.9557086 0.2913311 1 P 0
L 0.9330729 0.3563017 0.9566949 0.3563017 1 P 0
L 0.9340551 0.1742126 0.9576771 0.1742126 1 P 0
L 0.9438976 0.2795201 0.9438976 0.3031421 1 P 0
L 0.9448839 0.3444907 0.9448839 0.3681127 1 P 0
L 0.9458661 0.1624016 0.9458661 0.1860236 1 P 0
L 0.9537382 0.6289345 0.9773602 0.6289345 1 P 0
L 0.9537402 0.4989958 0.9773622 0.4989958 1 P 0
L 0.9547244 0.5639664 0.9783464 0.5639664 1 P 0
L 0.9655492 0.6171235 0.9655492 0.6407455 1 P 0
L 0.9655512 0.4871848 0.9655512 0.5108068 1 P 0
L 0.9665354 0.5521554 0.9665354 0.5757774 1 P 0
L 0.9753937 0.113189 0.9753937 0.2352362 1 P 0
L 0.980317 0.6840526 0.980317 0.7431078 1 P 0
L 0.9822834 0.619082 0.9822834 0.6781372 1 P 0
L 1.0029527 0.2618035 1.0029527 0.3208587 1 P 0
L 1.003939 0.3267741 1.003939 0.3858293 1 P 0
L 1.0246043 0.5994069 1.0246043 0.6584621 1 P 0
L 1.0246063 0.4694682 1.0246063 0.5285234 1 P 0
L 1.0255905 0.5344388 1.0255905 0.593494 1 P 0
L 1.0432971 0.6771654 1.0432971 0.7952756 1 P 0
L 1.0432971 0.6771654 1.1023523 0.6771654 1 P 0
L 1.0432971 0.7952756 1.1023523 0.7952756 1 P 0
L 1.0610137 0.7362205 1.0846357 0.7362205 1 P 0
L 1.0639764 0.031496 1.0639764 0.0905512 1 P 0
L 1.0639764 0.031496 1.1860236 0.031496 1 P 0
L 1.0639764 0.0905512 1.1860236 0.0905512 1 P 0
L 1.0649607 0.3690944 1.0649607 0.4281496 1 P 0
L 1.0649607 0.3690944 1.1870079 0.3690944 1 P 0
L 1.0649607 0.4281496 1.1870079 0.4281496 1 P 0
L 1.0649607 0.6299212 1.0649607 0.6889764 1 P 0
L 1.0649607 0.6299212 1.1870079 0.6299212 1 P 0
L 1.0649607 0.6889764 1.1870079 0.6889764 1 P 0
L 1.0649624 0.49999 1.0649624 0.5590452 1 P 0
L 1.0649624 0.49999 1.1870096 0.49999 1 P 0
L 1.0649624 0.5590452 1.1870096 0.5590452 1 P 0
L 1.0659429 0.5649506 1.0659429 0.6240058 1 P 0
L 1.0659429 0.5649506 1.1840531 0.5649506 1 P 0
L 1.0659429 0.6240058 1.1840531 0.6240058 1 P 0
L 1.0659449 0.3031496 1.0659449 0.3622048 1 P 0
L 1.0659449 0.3031496 1.1840551 0.3031496 1 P 0
L 1.0659449 0.3622048 1.1840551 0.3622048 1 P 0
L 1.0669292 0.4350194 1.0669292 0.4940746 1 P 0
L 1.0669292 0.4350194 1.1850394 0.4350194 1 P 0
L 1.0669292 0.4940746 1.1850394 0.4940746 1 P 0
L 1.0728247 0.7244095 1.0728247 0.7480315 1 P 0
L 1.0777559 0.3562992 1.0777559 0.4744094 1 P 0
L 1.0777559 0.3562992 1.1368111 0.3562992 1 P 0
L 1.0777559 0.4744094 1.1368111 0.4744094 1 P 0
L 1.0954725 0.4153543 1.1190945 0.4153543 1 P 0
L 1.1023523 0.6771654 1.1023523 0.7952756 1 P 0
L 1.1072835 0.4035433 1.1072835 0.4271653 1 P 0
L 1.1082677 0.6771654 1.1082677 0.7952756 1 P 0
L 1.1082677 0.6771654 1.1673229 0.6771654 1 P 0
L 1.1082677 0.7952756 1.1673229 0.7952756 1 P 0
L 1.113187 0.5944782 1.136809 0.5944782 1 P 0
L 1.113189 0.0610236 1.136811 0.0610236 1 P 0
L 1.113189 0.3326772 1.136811 0.3326772 1 P 0
L 1.1141733 0.398622 1.1377953 0.398622 1 P 0
L 1.1141733 0.464547 1.1377953 0.464547 1 P 0
L 1.1141733 0.6594488 1.1377953 0.6594488 1 P 0
L 1.114175 0.5295176 1.137797 0.5295176 1 P 0
L 1.124998 0.5826672 1.124998 0.6062892 1 P 0
L 1.125 0.0492126 1.125 0.0728346 1 P 0
L 1.125 0.3208662 1.125 0.3444882 1 P 0
L 1.1259843 0.386811 1.1259843 0.410433 1 P 0
L 1.1259843 0.452736 1.1259843 0.476358 1 P 0
L 1.1259843 0.6476378 1.1259843 0.6712598 1 P 0
L 1.1259843 0.7362205 1.1496063 0.7362205 1 P 0
L 1.125986 0.5177066 1.125986 0.5413286 1 P 0
L 1.1368111 0.3562992 1.1368111 0.4744094 1 P 0
L 1.1377953 0.7244095 1.1377953 0.7480315 1 P 0
L 1.1673229 0.6771654 1.1673229 0.7952756 1 P 0
L 1.1751968 0.6771654 1.1751968 0.7952756 1 P 0
L 1.1751968 0.6771654 1.234252 0.6771654 1 P 0
L 1.1751968 0.7952756 1.234252 0.7952756 1 P 0
L 1.1840531 0.5649506 1.1840531 0.6240058 1 P 0
L 1.1840551 0.3031496 1.1840551 0.3622048 1 P 0
L 1.1850394 0.4350194 1.1850394 0.4940746 1 P 0
L 1.1860236 0.031496 1.1860236 0.0905512 1 P 0
L 1.1870079 0.3690944 1.1870079 0.4281496 1 P 0
L 1.1870079 0.6299212 1.1870079 0.6889764 1 P 0
L 1.1870096 0.49999 1.1870096 0.5590452 1 P 0
L 1.1929134 0.7362205 1.2165354 0.7362205 1 P 0
L 1.2047244 0.7244095 1.2047244 0.7480315 1 P 0
L 1.234252 0.6771654 1.234252 0.7952756 1 P 0
L 1.2421259 0.6751969 1.2421259 0.7972441 1 P 0
L 1.2421259 0.6751969 1.3011811 0.6751969 1 P 0
L 1.2421259 0.7972441 1.3011811 0.7972441 1 P 0
L 1.2568898 0.4202755 1.2568898 0.4793307 1 P 0
L 1.2568898 0.4202755 1.375 0.4202755 1 P 0
L 1.2568898 0.4793307 1.375 0.4793307 1 P 0
L 1.2598425 0.7362205 1.2834645 0.7362205 1 P 0
L 1.2716535 0.7244095 1.2716535 0.7480315 1 P 0
L 1.3011811 0.6751969 1.3011811 0.7972441 1 P 0
L 1.3041339 0.4498031 1.3277559 0.4498031 1 P 0
L 1.3090551 0.6751969 1.3090551 0.7972441 1 P 0
L 1.3090551 0.6751969 1.3681103 0.6751969 1 P 0
L 1.3090551 0.7972441 1.3681103 0.7972441 1 P 0
L 1.3159449 0.4379921 1.3159449 0.4616141 1 P 0
L 1.3208661 0.496063 1.3208661 0.6181102 1 P 0
L 1.3208661 0.496063 1.3799213 0.496063 1 P 0
L 1.3208661 0.6181102 1.3799213 0.6181102 1 P 0
L 1.3267717 0.7362205 1.3503937 0.7362205 1 P 0
L 1.3385827 0.5570866 1.3622047 0.5570866 1 P 0
L 1.3385827 0.7244095 1.3385827 0.7480315 1 P 0
L 1.3503937 0.5452756 1.3503937 0.5688976 1 P 0
L 1.3681103 0.6751969 1.3681103 0.7972441 1 P 0
L 1.375 0.4202755 1.375 0.4793307 1 P 0
L 1.375 0.6771654 1.375 0.7952756 1 P 0
L 1.375 0.6771654 1.4340552 0.6771654 1 P 0
L 1.375 0.7952756 1.4340552 0.7952756 1 P 0
L 1.3799213 0.496063 1.3799213 0.6181102 1 P 0
L 1.3927166 0.7362205 1.4163386 0.7362205 1 P 0
L 1.4045276 0.7244095 1.4045276 0.7480315 1 P 0
L 1.4340552 0.6771654 1.4340552 0.7952756 1 P 0
L 1.519685 0.0846455 1.519685 0.1437007 1 P 0
L 1.519685 0.0846455 1.6417322 0.0846455 1 P 0
L 1.519685 0.1437007 1.6417322 0.1437007 1 P 0
L 1.5226377 0.1505904 1.5226377 0.2096456 1 P 0
L 1.5226377 0.1505904 1.6407479 0.1505904 1 P 0
L 1.5226377 0.2096456 1.6407479 0.2096456 1 P 0
L 1.5531521 0.8051201 1.5531521 0.9232303 1 P 0
L 1.5531521 0.8051201 1.6122073 0.8051201 1 P 0
L 1.5531521 0.9232303 1.6122073 0.9232303 1 P 0
L 1.5688976 0.1141731 1.5925196 0.1141731 1 P 0
L 1.5698818 0.180118 1.5935038 0.180118 1 P 0
L 1.5708687 0.8641752 1.5944907 0.8641752 1 P 0
L 1.5807086 0.1023621 1.5807086 0.1259841 1 P 0
L 1.5816928 0.168307 1.5816928 0.191929 1 P 0
L 1.5826797 0.8523642 1.5826797 0.8759862 1 P 0
L 1.5826803 0.6348408 1.5826803 0.756888 1 P 0
L 1.5826803 0.6348408 1.6417355 0.6348408 1 P 0
L 1.5826803 0.756888 1.6417355 0.756888 1 P 0
L 1.5846456 0.3917323 1.5846456 0.5137795 1 P 0
L 1.5846456 0.3917323 1.6437008 0.3917323 1 P 0
L 1.5846456 0.5137795 1.6437008 0.5137795 1 P 0
L 1.6003969 0.6958644 1.6240189 0.6958644 1 P 0
L 1.6023622 0.4527559 1.6259842 0.4527559 1 P 0
L 1.6122073 0.8051201 1.6122073 0.9232303 1 P 0
L 1.6122079 0.6840534 1.6122079 0.7076754 1 P 0
L 1.6141732 0.4409449 1.6141732 0.4645669 1 P 0
L 1.6407479 0.1505904 1.6407479 0.2096456 1 P 0
L 1.6417322 0.0846455 1.6417322 0.1437007 1 P 0
L 1.6417355 0.6348408 1.6417355 0.756888 1 P 0
L 1.6437008 0.3917323 1.6437008 0.5137795 1 P 0
L 1.7687008 0.0935039 1.7687008 0.1525591 1 P 0
L 1.7687008 0.0935039 1.886811 0.0935039 1 P 0
L 1.7687008 0.1525591 1.886811 0.1525591 1 P 0
L 1.7687008 0.1614173 1.7687008 0.2204725 1 P 0
L 1.7687008 0.1614173 1.886811 0.1614173 1 P 0
L 1.7687008 0.2204725 1.886811 0.2204725 1 P 0
L 1.8159449 0.1230315 1.8395669 0.1230315 1 P 0
L 1.8159449 0.1909449 1.8395669 0.1909449 1 P 0
L 1.8277559 0.1112205 1.8277559 0.1348425 1 P 0
L 1.8277559 0.1791339 1.8277559 0.2027559 1 P 0
L 1.8759843 0.8690944 1.8759843 0.9281496 1 P 0
L 1.8759843 0.8690944 1.9940945 0.8690944 1 P 0
L 1.8759843 0.9281496 1.9940945 0.9281496 1 P 0
L 1.886811 0.0935039 1.886811 0.1525591 1 P 0
L 1.886811 0.1614173 1.886811 0.2204725 1 P 0
L 1.9232284 0.898622 1.9468504 0.898622 1 P 0
L 1.9350394 0.886811 1.9350394 0.910433 1 P 0
L 1.9940945 0.8690944 1.9940945 0.9281496 1 P 0
L 2.0196751 0.1712598 2.0196751 0.3090551 1 P 0
L 2.0196751 0.1712598 2.1673129 0.1712598 1 P 0
L 2.0196751 0.3090551 2.1673129 0.3090551 1 P 0
L 2.0305118 0.0265748 2.0305118 0.08563 1 P 0
L 2.0305118 0.0265748 2.152559 0.0265748 1 P 0
L 2.0305118 0.08563 2.152559 0.08563 1 P 0
L 2.0334646 0.0944781 2.0334646 0.1535333 1 P 0
L 2.0334646 0.0944781 2.1515748 0.0944781 1 P 0
L 2.0334646 0.1535333 2.1515748 0.1535333 1 P 0
L 2.0570866 0.8661417 2.0570866 0.9251969 1 P 0
L 2.0570866 0.8661417 2.1791338 0.8661417 1 P 0
L 2.0570866 0.9251969 2.1791338 0.9251969 1 P 0
L 2.0590551 0.5275591 2.0984252 0.5275591 0 P 0
L 2.0590551 0.6850394 2.0984252 0.6850394 0 P 0
L 2.0590551 0.8011811 2.0590551 0.8602363 1 P 0
L 2.0590551 0.8011811 2.1771653 0.8011811 1 P 0
L 2.0590551 0.8602363 2.1771653 0.8602363 1 P 0
L 2.073809 0.2401575 2.113179 0.2401575 0 P 0
L 2.0787402 0.5078741 2.0787402 0.5472442 0 P 0
L 2.0787402 0.6653544 2.0787402 0.7047245 0 P 0
L 2.0797244 0.0561024 2.1033464 0.0561024 1 P 0
L 2.0807087 0.1240057 2.1043307 0.1240057 1 P 0
L 2.0915354 0.0442914 2.0915354 0.0679134 1 P 0
L 2.0925197 0.1121947 2.0925197 0.1358167 1 P 0
L 2.093494 0.2204724 2.093494 0.2598425 0 P 0
L 2.1062992 0.8307087 2.1299212 0.8307087 1 P 0
L 2.1062992 0.8956693 2.1299212 0.8956693 1 P 0
L 2.1181102 0.8188977 2.1181102 0.8425197 1 P 0
L 2.1181102 0.8838583 2.1181102 0.9074803 1 P 0
L 2.1515748 0.0944781 2.1515748 0.1535333 1 P 0
L 2.152559 0.0265748 2.152559 0.08563 1 P 0
L 2.1673129 0.1712598 2.1673129 0.3090551 1 P 0
L 2.1692897 0.3247999 2.1692897 0.3838551 1 P 0
L 2.1692897 0.3247999 2.2913369 0.3247999 1 P 0
L 2.1692897 0.3838551 2.2913369 0.3838551 1 P 0
L 2.1692931 0.3897669 2.1692931 0.4488221 1 P 0
L 2.1692931 0.3897669 2.2913403 0.3897669 1 P 0
L 2.1692931 0.4488221 2.2913403 0.4488221 1 P 0
L 2.1771653 0.8011811 2.1771653 0.8602363 1 P 0
L 2.1791338 0.8661417 2.1791338 0.9251969 1 P 0
L 2.1811023 0.1830709 2.1811023 0.3011811 1 P 0
L 2.1811023 0.1830709 2.2401575 0.1830709 1 P 0
L 2.1811023 0.3011811 2.2401575 0.3011811 1 P 0
L 2.1988189 0.242126 2.2224409 0.242126 1 P 0
L 2.2106299 0.230315 2.2106299 0.253937 1 P 0
L 2.2185023 0.3543275 2.2421243 0.3543275 1 P 0
L 2.2185057 0.4192945 2.2421277 0.4192945 1 P 0
L 2.2303133 0.3425165 2.2303133 0.3661385 1 P 0
L 2.2303167 0.4074835 2.2303167 0.4311055 1 P 0
L 2.2401575 0.1830709 2.2401575 0.3011811 1 P 0
L 2.2913369 0.3247999 2.2913369 0.3838551 1 P 0
L 2.2913403 0.3897669 2.2913403 0.4488221 1 P 0
L 2.3543307 0.6279427 2.3543307 0.765738 1 P 0
L 2.3543307 0.6279427 2.5019685 0.6279427 1 P 0
L 2.3543307 0.765738 2.5019685 0.765738 1 P 0
L 2.375 0.8494094 2.375 0.9084646 1 P 0
L 2.375 0.8494094 2.4970472 0.8494094 1 P 0
L 2.375 0.9084646 2.4970472 0.9084646 1 P 0
L 2.3769685 0.7834645 2.3769685 0.8425197 1 P 0
L 2.3769685 0.7834645 2.4950787 0.7834645 1 P 0
L 2.3769685 0.8425197 2.4950787 0.8425197 1 P 0
L 2.378937 0.5610236 2.378937 0.6200788 1 P 0
L 2.378937 0.5610236 2.4970472 0.5610236 1 P 0
L 2.378937 0.6200788 2.4970472 0.6200788 1 P 0
L 2.4084646 0.6968403 2.4478346 0.6968403 0 P 0
L 2.4242126 0.8129921 2.4478346 0.8129921 1 P 0
L 2.4242126 0.878937 2.4478346 0.878937 1 P 0
L 2.4261811 0.5905512 2.4498031 0.5905512 1 P 0
L 2.4281496 0.6771553 2.4281496 0.7165254 0 P 0
L 2.4360236 0.8011811 2.4360236 0.8248031 1 P 0
L 2.4360236 0.867126 2.4360236 0.890748 1 P 0
L 2.4379921 0.5787402 2.4379921 0.6023622 1 P 0
L 2.4950787 0.7834645 2.4950787 0.8425197 1 P 0
L 2.4970472 0.5610236 2.4970472 0.6200788 1 P 0
L 2.4970472 0.8494094 2.4970472 0.9084646 1 P 0
L 2.5019685 0.6279427 2.5019685 0.765738 1 P 0
