#Layer_Color=32768
#
#Feature symbol names
#
$0 r1.9685
$1 r3.937

#
#Feature attribute names
#

#
#Layer features
#
L 0.2616142 0.9332677 0.2616142 1.1588582 0 P 0
L 0.2616142 0.9332677 2.3127953 0.9332677 0 P 0
L 0.2616142 1.1588582 2.3127953 1.1588582 0 P 0
L 0.2616142 1.3901575 0.2616142 1.615748 0 P 0
L 0.2616142 1.3901575 2.3127953 1.3901575 0 P 0
L 0.2616142 1.615748 2.3127953 1.615748 0 P 0
L 0.3454725 0.5807087 0.3454725 0.7972441 0 P 0
L 0.3454725 0.5807087 0.6387795 0.5807087 0 P 0
L 0.3454725 0.7972441 0.6387795 0.7972441 0 P 0
L 0.4015747 0.0629921 0.4015747 0.1732284 1 P 0
L 0.4015747 0.0629921 0.4645668 0.0629921 1 P 0
L 0.4015747 0.1732284 0.4645668 0.1732284 1 P 0
L 0.401575 0.1811023 0.401575 0.2913386 1 P 0
L 0.401575 0.1811023 0.4645671 0.1811023 1 P 0
L 0.401575 0.2913386 0.4645671 0.2913386 1 P 0
L 0.4133857 0.1181103 0.4527558 0.1181103 1 P 0
L 0.413386 0.2362204 0.4527561 0.2362204 1 P 0
L 0.4330708 0.0984252 0.4330708 0.1377953 1 P 0
L 0.433071 0.2165354 0.433071 0.2559055 1 P 0
L 0.4645668 0.0629921 0.4645668 0.1732284 1 P 0
L 0.4645671 0.1811023 0.4645671 0.2913386 1 P 0
L 0.4685039 0.1062993 0.4685039 0.2480315 0 P 0
L 0.4685039 0.1062993 0.6338583 0.1062993 0 P 0
L 0.4685039 0.2480315 0.6338583 0.2480315 0 P 0
L 0.6338583 0.1062993 0.6338583 0.2480315 0 P 0
L 0.6377954 0.1220472 0.6377954 0.2322835 1 P 0
L 0.6377954 0.1220472 0.7007875 0.1220472 1 P 0
L 0.6377954 0.2322835 0.7007875 0.2322835 1 P 0
L 0.6387795 0.5807087 0.6387795 0.7972441 0 P 0
L 0.6496064 0.1771653 0.6889765 0.1771653 1 P 0
L 0.6515748 0.4881889 0.6515748 0.6614173 1 P 0
L 0.6515748 0.4881889 0.75 0.4881889 1 P 0
L 0.6515748 0.6614173 0.75 0.6614173 1 P 0
L 0.6525591 0.7194882 0.6525591 0.8927166 1 P 0
L 0.6525591 0.7194882 0.7509843 0.7194882 1 P 0
L 0.6525591 0.8927166 0.7509843 0.8927166 1 P 0
L 0.6692914 0.1574803 0.6692914 0.1968504 1 P 0
L 0.6811024 0.5748031 0.7204725 0.5748031 1 P 0
L 0.6820867 0.8061024 0.7214568 0.8061024 1 P 0
L 0.7007874 0.5551181 0.7007874 0.5944882 1 P 0
L 0.7007875 0.1220472 0.7007875 0.2322835 1 P 0
L 0.7017717 0.7864174 0.7017717 0.8257875 1 P 0
L 0.715551 0.1909449 0.715551 0.3011812 1 P 0
L 0.715551 0.1909449 0.7785431 0.1909449 1 P 0
L 0.715551 0.3011812 0.7785431 0.3011812 1 P 0
L 0.7165356 0.062992 0.7165356 0.1732283 1 P 0
L 0.7165356 0.062992 0.7795277 0.062992 1 P 0
L 0.7165356 0.1732283 0.7795277 0.1732283 1 P 0
L 0.727362 0.2460631 0.7667321 0.2460631 1 P 0
L 0.7283466 0.1181101 0.7677167 0.1181101 1 P 0
L 0.7470471 0.226378 0.7470471 0.2657481 1 P 0
L 0.7480316 0.0984251 0.7480316 0.1377952 1 P 0
L 0.75 0.4881889 0.75 0.6614173 1 P 0
L 0.7509843 0.7194882 0.7509843 0.8927166 1 P 0
L 0.7598425 0.4891732 0.7598425 0.6624016 1 P 0
L 0.7598425 0.4891732 0.8582677 0.4891732 1 P 0
L 0.7598425 0.6624016 0.8582677 0.6624016 1 P 0
L 0.761811 0.7194882 0.761811 0.8927166 1 P 0
L 0.761811 0.7194882 0.8602362 0.7194882 1 P 0
L 0.761811 0.8927166 0.8602362 0.8927166 1 P 0
L 0.7785431 0.1909449 0.7785431 0.3011812 1 P 0
L 0.7795277 0.062992 0.7795277 0.1732283 1 P 0
L 0.78937 0.5757874 0.8287401 0.5757874 1 P 0
L 0.7913386 0.1259845 0.7913386 0.1889766 1 P 0
L 0.7913386 0.1259845 0.9015749 0.1259845 1 P 0
L 0.7913386 0.1889766 0.9015749 0.1889766 1 P 0
L 0.7913386 0.2047246 0.7913386 0.2677167 1 P 0
L 0.7913386 0.2047246 0.9015749 0.2047246 1 P 0
L 0.7913386 0.2677167 0.9015749 0.2677167 1 P 0
L 0.7913386 0.8061024 0.8307087 0.8061024 1 P 0
L 0.8090551 0.5561023 0.8090551 0.5954724 1 P 0
L 0.8110236 0.7864174 0.8110236 0.8257875 1 P 0
L 0.8267717 0.1574805 0.8661418 0.1574805 1 P 0
L 0.8267717 0.2362206 0.8661418 0.2362206 1 P 0
L 0.8464568 0.1377955 0.8464568 0.1771656 1 P 0
L 0.8464568 0.2165356 0.8464568 0.2559057 1 P 0
L 0.8582677 0.4891732 0.8582677 0.6624016 1 P 0
L 0.8602362 0.7194882 0.8602362 0.8927166 1 P 0
L 0.893701 0.4763779 0.893701 0.5866142 1 P 0
L 0.893701 0.4763779 0.9566931 0.4763779 1 P 0
L 0.893701 0.5866142 0.9566931 0.5866142 1 P 0
L 0.893701 0.6535432 0.893701 0.7637795 1 P 0
L 0.893701 0.6535432 0.9566931 0.6535432 1 P 0
L 0.893701 0.7637795 0.9566931 0.7637795 1 P 0
L 0.9015749 0.1259845 0.9015749 0.1889766 1 P 0
L 0.9015749 0.2047246 0.9015749 0.2677167 1 P 0
L 0.905512 0.531496 0.9448821 0.531496 1 P 0
L 0.905512 0.7086613 0.9448821 0.7086613 1 P 0
L 0.9153543 0.0905512 0.9153543 0.2637796 1 P 0
L 0.9153543 0.0905512 1.0137795 0.0905512 1 P 0
L 0.9153543 0.2637796 1.0137795 0.2637796 1 P 0
L 0.925197 0.511811 0.925197 0.5511811 1 P 0
L 0.925197 0.6889763 0.925197 0.7283464 1 P 0
L 0.9448818 0.1771654 0.9842519 0.1771654 1 P 0
L 0.9547244 0.2657481 0.9547244 0.7972441 0 P 0
L 0.9547244 0.2657481 1.4862204 0.2657481 0 P 0
L 0.9547244 0.7972441 1.4862204 0.7972441 0 P 0
L 0.9566931 0.4763779 0.9566931 0.5866142 1 P 0
L 0.9566931 0.6535432 0.9566931 0.7637795 1 P 0
L 0.9645669 0.1574803 0.9645669 0.1968504 1 P 0
L 0.996063 -0.0622047 0.996063 0.2570866 1 P 0
L 0.996063 -0.0622047 1.4291338 -0.0622047 1 P 0
L 0.996063 0.2570866 1.4291338 0.2570866 1 P 0
L 1.0137795 0.0905512 1.0137795 0.2637796 1 P 0
L 1.0866142 0.7952758 1.0866142 0.8582679 1 P 0
L 1.0866142 0.7952758 1.1968505 0.7952758 1 P 0
L 1.0866142 0.8582679 1.1968505 0.8582679 1 P 0
L 1.0866142 0.8740159 1.0866142 0.937008 1 P 0
L 1.0866142 0.8740159 1.1968505 0.8740159 1 P 0
L 1.0866142 0.937008 1.1968505 0.937008 1 P 0
L 1.1220473 0.8267718 1.1614174 0.8267718 1 P 0
L 1.1220473 0.9055119 1.1614174 0.9055119 1 P 0
L 1.1417324 0.8070868 1.1417324 0.8464569 1 P 0
L 1.1417324 0.8858269 1.1417324 0.925197 1 P 0
L 1.1968505 0.7952758 1.1968505 0.8582679 1 P 0
L 1.1968505 0.8740159 1.1968505 0.937008 1 P 0
L 1.2047243 0.8740156 1.2047243 0.9370077 1 P 0
L 1.2047243 0.8740156 1.3149606 0.8740156 1 P 0
L 1.2047243 0.9370077 1.3149606 0.9370077 1 P 0
L 1.2047244 0.7952758 1.2047244 0.8582679 1 P 0
L 1.2047244 0.7952758 1.3149607 0.7952758 1 P 0
L 1.2047244 0.8582679 1.3149607 0.8582679 1 P 0
L 1.2401574 0.9055117 1.2795275 0.9055117 1 P 0
L 1.2401575 0.8267718 1.2795276 0.8267718 1 P 0
L 1.2598424 0.8858266 1.2598424 0.9251967 1 P 0
L 1.2598426 0.8070868 1.2598426 0.8464569 1 P 0
L 1.3149606 0.8740156 1.3149606 0.9370077 1 P 0
L 1.3149607 0.7952758 1.3149607 0.8582679 1 P 0
L 1.3228346 0.7952755 1.3228346 0.8582676 1 P 0
L 1.3228346 0.7952755 1.4330709 0.7952755 1 P 0
L 1.3228346 0.8582676 1.4330709 0.8582676 1 P 0
L 1.3228346 0.8740156 1.3228346 0.9370077 1 P 0
L 1.3228346 0.8740156 1.4330709 0.8740156 1 P 0
L 1.3228346 0.9370077 1.4330709 0.9370077 1 P 0
L 1.3582677 0.8267716 1.3976378 0.8267716 1 P 0
L 1.3582677 0.9055117 1.3976378 0.9055117 1 P 0
L 1.3779527 0.8070865 1.3779527 0.8464566 1 P 0
L 1.3779527 0.8858266 1.3779527 0.9251967 1 P 0
L 1.41437 0.1171258 1.41437 0.1801179 1 P 0
L 1.41437 0.1171258 1.5246063 0.1171258 1 P 0
L 1.41437 0.1801179 1.5246063 0.1801179 1 P 0
L 1.4153542 0.1811022 1.4153542 0.2440943 1 P 0
L 1.4153542 0.1811022 1.5255905 0.1811022 1 P 0
L 1.4153542 0.2440943 1.5255905 0.2440943 1 P 0
L 1.4291338 -0.0622047 1.4291338 0.2570866 1 P 0
L 1.4330709 0.7952755 1.4330709 0.8582676 1 P 0
L 1.4330709 0.8740156 1.4330709 0.9370077 1 P 0
L 1.4498031 0.1486219 1.4891732 0.1486219 1 P 0
L 1.4507873 0.2125983 1.4901574 0.2125983 1 P 0
L 1.4655512 0.7362204 1.4655512 0.7952756 0 P 0
L 1.4655512 0.7362204 1.5797244 0.7362204 0 P 0
L 1.4655512 0.7952756 1.5797244 0.7952756 0 P 0
L 1.4655512 0.8061023 1.4655512 0.8651575 0 P 0
L 1.4655512 0.8061023 1.5797244 0.8061023 0 P 0
L 1.4655512 0.8651575 1.5797244 0.8651575 0 P 0
L 1.4694881 0.1289368 1.4694881 0.1683069 1 P 0
L 1.4704723 0.1929132 1.4704723 0.2322833 1 P 0
L 1.4862204 0.2657481 1.4862204 0.7972441 0 P 0
L 1.5118112 0.4999999 1.5118112 0.6102362 1 P 0
L 1.5118112 0.4999999 1.5748033 0.4999999 1 P 0
L 1.5118112 0.6102362 1.5748033 0.6102362 1 P 0
L 1.5236222 0.555118 1.5629923 0.555118 1 P 0
L 1.5246063 0.1171258 1.5246063 0.1801179 1 P 0
L 1.5255905 0.1811022 1.5255905 0.2440943 1 P 0
L 1.5255905 0.2874015 1.5255905 0.4606299 1 P 0
L 1.5255905 0.2874015 1.6240157 0.2874015 1 P 0
L 1.5255905 0.4606299 1.6240157 0.4606299 1 P 0
L 1.5432124 0.1250001 1.5432124 0.2352364 1 P 0
L 1.5432124 0.1250001 1.6062045 0.1250001 1 P 0
L 1.5432124 0.2352364 1.6062045 0.2352364 1 P 0
L 1.5433072 0.535433 1.5433072 0.5748031 1 P 0
L 1.5550234 0.1801183 1.5943935 0.1801183 1 P 0
L 1.5551181 0.3740157 1.5944882 0.3740157 1 P 0
L 1.5747085 0.1604332 1.5747085 0.1998033 1 P 0
L 1.5748031 0.3543307 1.5748031 0.3937008 1 P 0
L 1.5748033 0.4999999 1.5748033 0.6102362 1 P 0
L 1.5767716 0.484252 1.5767716 0.6200788 0 P 0
L 1.5767716 0.484252 1.6515748 0.484252 0 P 0
L 1.5767716 0.6200788 1.6515748 0.6200788 0 P 0
L 1.5797244 0.7362204 1.5797244 0.7952756 0 P 0
L 1.5797244 0.8061023 1.5797244 0.8651575 0 P 0
L 1.6062045 0.1250001 1.6062045 0.2352364 1 P 0
L 1.6103304 0.1250001 1.6103304 0.2352364 1 P 0
L 1.6103304 0.1250001 1.6733225 0.1250001 1 P 0
L 1.6103304 0.2352364 1.6733225 0.2352364 1 P 0
L 1.6221414 0.1801183 1.6615115 0.1801183 1 P 0
L 1.6240157 0.2874015 1.6240157 0.4606299 1 P 0
L 1.6418265 0.1604332 1.6418265 0.1998033 1 P 0
L 1.6512277 0.0740157 1.6512277 0.7527559 1 P 0
L 1.6512277 0.0740157 2.2102829 0.0740157 1 P 0
L 1.6512277 0.7527559 2.2102829 0.7527559 1 P 0
L 1.6515748 0.484252 1.6515748 0.6200788 0 P 0
L 1.6673228 0.7411417 1.6673228 0.9143701 1 P 0
L 1.6673228 0.7411417 1.765748 0.7411417 1 P 0
L 1.6673228 0.9143701 1.765748 0.9143701 1 P 0
L 1.6733225 0.1250001 1.6733225 0.2352364 1 P 0
L 1.6968503 0.8277559 1.7362204 0.8277559 1 P 0
L 1.7165354 0.8080708 1.7165354 0.8474409 1 P 0
L 1.765748 0.7411417 1.765748 0.9143701 1 P 0
L 2.2102829 0.0740157 2.2102829 0.7527559 1 P 0
L 2.2125983 0.2204725 2.2125983 0.3307088 1 P 0
L 2.2125983 0.2204725 2.2755904 0.2204725 1 P 0
L 2.2125983 0.3307088 2.2755904 0.3307088 1 P 0
L 2.2125983 0.4173228 2.2125983 0.5275591 1 P 0
L 2.2125983 0.4173228 2.2755904 0.4173228 1 P 0
L 2.2125983 0.5275591 2.2755904 0.5275591 1 P 0
L 2.2244093 0.2755907 2.2637794 0.2755907 1 P 0
L 2.2244093 0.472441 2.2637794 0.472441 1 P 0
L 2.2440944 0.2559056 2.2440944 0.2952757 1 P 0
L 2.2440944 0.4527559 2.2440944 0.492126 1 P 0
L 2.2755904 0.2204725 2.2755904 0.3307088 1 P 0
L 2.2755904 0.4173228 2.2755904 0.5275591 1 P 0
L 2.2870079 0.223622 2.2870079 0.4023622 1 P 0
L 2.2870079 0.223622 2.5657481 0.223622 1 P 0
L 2.2870079 0.3555118 2.2870079 0.534252 1 P 0
L 2.2870079 0.3555118 2.5657481 0.3555118 1 P 0
L 2.2870079 0.4023622 2.5657481 0.4023622 1 P 0
L 2.2870079 0.534252 2.5657481 0.534252 1 P 0
L 2.3127953 0.9332677 2.3127953 1.1588582 0 P 0
L 2.3127953 1.3901575 2.3127953 1.615748 0 P 0
L 2.3415353 0.5255905 2.3415353 0.6082677 1 P 0
L 2.3415353 0.5255905 2.6348426 0.5255905 1 P 0
L 2.3415353 0.6082677 2.5501969 0.6082677 1 P 0
L 2.3415353 0.8602363 2.3415353 0.9429135 1 P 0
L 2.3415353 0.8602363 2.5501969 0.8602363 1 P 0
L 2.3415353 0.9429135 2.6348426 0.9429135 1 P 0
L 2.4537401 0.6948819 2.4537401 0.7736221 1 P 0
L 2.4537401 0.6948819 2.5501969 0.6948819 1 P 0
L 2.4537401 0.7736221 2.5501969 0.7736221 1 P 0
L 2.5501969 0.6082677 2.5501969 0.6948819 1 P 0
L 2.5501969 0.7736221 2.5501969 0.8602363 1 P 0
L 2.5657481 0.223622 2.5657481 0.4023622 1 P 0
L 2.5657481 0.3555118 2.5657481 0.534252 1 P 0
L 2.6348426 0.5255905 2.6348426 0.6025984 1 P 0
L 2.6348426 0.6025984 2.945079 0.6025984 1 P 0
L 2.6348426 0.8659056 2.6348426 0.9429135 1 P 0
L 2.6348426 0.8659056 2.945079 0.8659056 1 P 0
L 2.945079 0.6025984 2.945079 0.8659056 1 P 0
