#Layer_Color=16711935
#
#Feature symbol names
#
$0 r3.937
$1 r10

#
#Feature attribute names
#

#
#Layer features
#
L 0.2714567 0.9431102 0.2714567 1.1490157 0 P 0
L 0.2714567 0.9431102 2.3029527 0.9431102 0 P 0
L 0.2714567 1.1490157 2.3029527 1.1490157 0 P 0
L 0.2714567 1.4 0.2714567 1.6059055 0 P 0
L 0.2714567 1.4 2.3029527 1.4 0 P 0
L 0.2714567 1.6059055 2.3029527 1.6059055 0 P 0
L 0.4045274 0.0748032 0.4045274 0.1614173 0 P 0
L 0.4045274 0.0748032 0.4616141 0.0748032 0 P 0
L 0.4045274 0.1614173 0.4616141 0.1614173 0 P 0
L 0.4045277 0.1929134 0.4045277 0.2795275 0 P 0
L 0.4045277 0.1929134 0.4616144 0.1929134 0 P 0
L 0.4045277 0.2795275 0.4616144 0.2795275 0 P 0
L 0.4153543 0.5925197 0.4153543 0.7854331 0 P 0
L 0.4153543 0.5925197 0.5688977 0.5925197 0 P 0
L 0.4153543 0.7854331 0.5688977 0.7854331 0 P 0
L 0.4616141 0.0748032 0.4616141 0.1614173 0 P 0
L 0.4616144 0.1929134 0.4616144 0.2795275 0 P 0
L 0.5187008 0.1200788 0.5187008 0.234252 0 P 0
L 0.5187008 0.1200788 0.5836614 0.1200788 0 P 0
L 0.5187008 0.234252 0.5836614 0.234252 0 P 0
L 0.5188977 0.5925197 0.5688977 0.6425197 0 P 0
L 0.5462598 0.1200788 0.5836614 0.1574804 0 P 0
L 0.5688977 0.5925197 0.5688977 0.7854331 0 P 0
L 0.5836614 0.1200788 0.5836614 0.234252 0 P 0
L 0.6407481 0.1338583 0.6407481 0.2204724 0 P 0
L 0.6407481 0.1338583 0.6978348 0.1338583 0 P 0
L 0.6407481 0.2204724 0.6978348 0.2204724 0 P 0
L 0.6732284 0.5324803 0.6732284 0.617126 0 P 0
L 0.6732284 0.5324803 0.7283465 0.5324803 0 P 0
L 0.6732284 0.617126 0.7283465 0.617126 0 P 0
L 0.6742127 0.7637796 0.6742127 0.8484253 0 P 0
L 0.6742127 0.7637796 0.7293308 0.7637796 0 P 0
L 0.6742127 0.8484253 0.7293308 0.8484253 0 P 0
L 0.6978348 0.1338583 0.6978348 0.2204724 0 P 0
L 0.7185037 0.202756 0.7185037 0.2893701 0 P 0
L 0.7185037 0.202756 0.7755904 0.202756 0 P 0
L 0.7185037 0.2893701 0.7755904 0.2893701 0 P 0
L 0.7194883 0.0748031 0.7194883 0.1614172 0 P 0
L 0.7194883 0.0748031 0.776575 0.0748031 0 P 0
L 0.7194883 0.1614172 0.776575 0.1614172 0 P 0
L 0.7283465 0.3307087 0.7283465 0.4566929 1 P 0
L 0.7283465 0.3307087 0.9251969 0.3307087 1 P 0
L 0.7283465 0.4566929 0.9251969 0.4566929 1 P 0
L 0.7283465 0.5324803 0.7283465 0.617126 0 P 0
L 0.7293308 0.7637796 0.7293308 0.8484253 0 P 0
L 0.7755904 0.202756 0.7755904 0.2893701 0 P 0
L 0.776575 0.0748031 0.776575 0.1614172 0 P 0
L 0.781496 0.5334645 0.781496 0.6181102 0 P 0
L 0.781496 0.5334645 0.8366141 0.5334645 0 P 0
L 0.781496 0.6181102 0.8366141 0.6181102 0 P 0
L 0.7834646 0.7637796 0.7834646 0.8484253 0 P 0
L 0.7834646 0.7637796 0.8385827 0.7637796 0 P 0
L 0.7834646 0.8484253 0.8385827 0.8484253 0 P 0
L 0.8031497 0.1289372 0.8031497 0.1860239 0 P 0
L 0.8031497 0.1289372 0.8897638 0.1289372 0 P 0
L 0.8031497 0.1860239 0.8897638 0.1860239 0 P 0
L 0.8031497 0.2076773 0.8031497 0.264764 0 P 0
L 0.8031497 0.2076773 0.8897638 0.2076773 0 P 0
L 0.8031497 0.264764 0.8897638 0.264764 0 P 0
L 0.8070866 0.0541339 0.8070866 0.1033465 0 P 0
L 0.8070866 0.0541339 0.8858268 0.0541339 0 P 0
L 0.8070866 0.1033465 0.8858268 0.1033465 0 P 0
L 0.8366141 0.5334645 0.8366141 0.6181102 0 P 0
L 0.8385827 0.7637796 0.8385827 0.8484253 0 P 0
L 0.8858268 0.0541339 0.8858268 0.1033465 0 P 0
L 0.8897638 0.1289372 0.8897638 0.1860239 0 P 0
L 0.8897638 0.2076773 0.8897638 0.264764 0 P 0
L 0.8966537 0.488189 0.8966537 0.5748031 0 P 0
L 0.8966537 0.488189 0.9537404 0.488189 0 P 0
L 0.8966537 0.5748031 0.9537404 0.5748031 0 P 0
L 0.8966537 0.6653543 0.8966537 0.7519684 0 P 0
L 0.8966537 0.6653543 0.9537404 0.6653543 0 P 0
L 0.8966537 0.7519684 0.9537404 0.7519684 0 P 0
L 0.9251969 0.3307087 0.9251969 0.4566929 1 P 0
L 0.9370078 0.1348425 0.9370078 0.2194882 0 P 0
L 0.9370078 0.1348425 0.9921259 0.1348425 0 P 0
L 0.9370078 0.2194882 0.9921259 0.2194882 0 P 0
L 0.9537404 0.488189 0.9537404 0.5748031 0 P 0
L 0.9537404 0.6653543 0.9537404 0.7519684 0 P 0
L 0.9921259 0.1348425 0.9921259 0.2194882 0 P 0
L 1.023622 0.3346457 1.023622 0.7283465 0 P 0
L 1.023622 0.3346457 1.4173228 0.3346457 0 P 0
L 1.023622 0.3543307 1.043307 0.3346457 0 P 0
L 1.023622 0.7283465 1.4173228 0.7283465 0 P 0
L 1.035433 -0.0228346 1.0551181 -0.0228346 0 P 0
L 1.035433 -0.0228346 1.057874 0.0011811 0 P 0
L 1.0551181 -0.0228346 1.0748031 0.0011811 0 P 0
L 1.057874 0.0011811 1.057874 0.2 0 P 0
L 1.057874 0.0011811 1.3673228 0.0011811 0 P 0
L 1.057874 0.2 1.3673228 0.2 0 P 0
L 1.0984253 0.7982285 1.0984253 0.8553152 0 P 0
L 1.0984253 0.7982285 1.1850394 0.7982285 0 P 0
L 1.0984253 0.8553152 1.1850394 0.8553152 0 P 0
L 1.0984253 0.8769686 1.0984253 0.9340553 0 P 0
L 1.0984253 0.8769686 1.1850394 0.8769686 0 P 0
L 1.0984253 0.9340553 1.1850394 0.9340553 0 P 0
L 1.1141732 -0.0228346 1.1141732 0.0011811 0 P 0
L 1.1141732 -0.0228346 1.3110236 -0.0228346 0 P 0
L 1.1850394 0.7982285 1.1850394 0.8553152 0 P 0
L 1.1850394 0.8769686 1.1850394 0.9340553 0 P 0
L 1.2165354 0.8769683 1.2165354 0.934055 0 P 0
L 1.2165354 0.8769683 1.3031495 0.8769683 0 P 0
L 1.2165354 0.934055 1.3031495 0.934055 0 P 0
L 1.2165355 0.7982285 1.2165355 0.8553152 0 P 0
L 1.2165355 0.7982285 1.3031496 0.7982285 0 P 0
L 1.2165355 0.8553152 1.3031496 0.8553152 0 P 0
L 1.3031495 0.8769683 1.3031495 0.934055 0 P 0
L 1.3031496 0.7982285 1.3031496 0.8553152 0 P 0
L 1.3110236 -0.0228346 1.3110236 0.0011811 0 P 0
L 1.3346457 0.7982282 1.3346457 0.8553149 0 P 0
L 1.3346457 0.7982282 1.4212598 0.7982282 0 P 0
L 1.3346457 0.8553149 1.4212598 0.8553149 0 P 0
L 1.3346457 0.8769683 1.3346457 0.934055 0 P 0
L 1.3346457 0.8769683 1.4212598 0.8769683 0 P 0
L 1.3346457 0.934055 1.4212598 0.934055 0 P 0
L 1.3503937 0.0011811 1.3700787 -0.0228346 0 P 0
L 1.3673228 0.0011811 1.3673228 0.2 0 P 0
L 1.3673228 0.0011811 1.3897638 -0.0228346 0 P 0
L 1.3700787 -0.0228346 1.3897638 -0.0228346 0 P 0
L 1.4173228 0.3346457 1.4173228 0.7283465 0 P 0
L 1.4212598 0.7982282 1.4212598 0.8553149 0 P 0
L 1.4212598 0.8769683 1.4212598 0.934055 0 P 0
L 1.4261811 0.1200785 1.4261811 0.1771652 0 P 0
L 1.4261811 0.1200785 1.5127952 0.1200785 0 P 0
L 1.4261811 0.1771652 1.5127952 0.1771652 0 P 0
L 1.4271653 0.1840549 1.4271653 0.2411416 0 P 0
L 1.4271653 0.1840549 1.5137794 0.1840549 0 P 0
L 1.4271653 0.2411416 1.5137794 0.2411416 0 P 0
L 1.4429134 0.0590551 1.4429134 0.1082677 0 P 0
L 1.4429134 0.0590551 1.5216536 0.0590551 0 P 0
L 1.4429134 0.1082677 1.5216536 0.1082677 0 P 0
L 1.492126 0.7490157 1.492126 0.7824803 0 P 0
L 1.492126 0.7490157 1.5531496 0.7490157 0 P 0
L 1.492126 0.7824803 1.5531496 0.7824803 0 P 0
L 1.492126 0.8188976 1.492126 0.8523622 0 P 0
L 1.492126 0.8188976 1.5531496 0.8188976 0 P 0
L 1.492126 0.8523622 1.5531496 0.8523622 0 P 0
L 1.5127952 0.1200785 1.5127952 0.1771652 0 P 0
L 1.5137794 0.1840549 1.5137794 0.2411416 0 P 0
L 1.5147639 0.511811 1.5147639 0.5984251 0 P 0
L 1.5147639 0.511811 1.5718506 0.511811 0 P 0
L 1.5147639 0.5984251 1.5718506 0.5984251 0 P 0
L 1.5216536 0.0590551 1.5216536 0.1082677 0 P 0
L 1.5461651 0.1368112 1.5461651 0.2234253 0 P 0
L 1.5461651 0.1368112 1.6032518 0.1368112 0 P 0
L 1.5461651 0.2234253 1.6032518 0.2234253 0 P 0
L 1.5472441 0.3316929 1.5472441 0.4163386 0 P 0
L 1.5472441 0.3316929 1.6023622 0.3316929 0 P 0
L 1.5472441 0.4163386 1.6023622 0.4163386 0 P 0
L 1.5531496 0.7490157 1.5531496 0.7824803 0 P 0
L 1.5531496 0.8188976 1.5531496 0.8523622 0 P 0
L 1.5718506 0.511811 1.5718506 0.5984251 0 P 0
L 1.5905512 0.5127953 1.5905512 0.5915355 0 P 0
L 1.5905512 0.5127953 1.6377952 0.5127953 0 P 0
L 1.5905512 0.5915355 1.6377952 0.5915355 0 P 0
L 1.6023622 0.3316929 1.6023622 0.4163386 0 P 0
L 1.6032518 0.1368112 1.6032518 0.2234253 0 P 0
L 1.6132831 0.1368112 1.6132831 0.2234253 0 P 0
L 1.6132831 0.1368112 1.6703698 0.1368112 0 P 0
L 1.6132831 0.2234253 1.6703698 0.2234253 0 P 0
L 1.6377952 0.5127953 1.6377952 0.5915355 0 P 0
L 1.6703698 0.1368112 1.6703698 0.2234253 0 P 0
L 1.6889763 0.785433 1.6889763 0.8700787 0 P 0
L 1.6889763 0.785433 1.7440944 0.785433 0 P 0
L 1.6889763 0.8700787 1.7440944 0.8700787 0 P 0
L 1.7440944 0.785433 1.7440944 0.8700787 0 P 0
L 1.7634325 0.1133858 1.7634325 0.7133858 0 P 0
L 1.7634325 0.1133858 2.0980781 0.1133858 0 P 0
L 1.7634325 0.7133858 2.0980781 0.7133858 0 P 0
L 2.0980781 0.1133858 2.0980781 0.7133858 0 P 0
L 2.215551 0.2322836 2.215551 0.3188977 0 P 0
L 2.215551 0.2322836 2.2726377 0.2322836 0 P 0
L 2.215551 0.3188977 2.2726377 0.3188977 0 P 0
L 2.215551 0.4291339 2.215551 0.515748 0 P 0
L 2.215551 0.4291339 2.2726377 0.4291339 0 P 0
L 2.215551 0.515748 2.2726377 0.515748 0 P 0
L 2.2726377 0.2322836 2.2726377 0.3188977 0 P 0
L 2.2726377 0.4291339 2.2726377 0.515748 0 P 0
L 2.3029527 0.9431102 2.3029527 1.1490157 0 P 0
L 2.3029527 1.4 2.3029527 1.6059055 0 P 0
L 2.3228308 0.7342474 2.5600356 0.7342474 0 P 0
L 2.3273623 0.2629921 2.3273623 0.3629921 0 P 0
L 2.3273623 0.2629921 2.5253937 0.2629921 0 P 0
L 2.3273623 0.3629921 2.5253937 0.3629921 0 P 0
L 2.3273623 0.3948819 2.3273623 0.4948819 0 P 0
L 2.3273623 0.3948819 2.5253937 0.3948819 0 P 0
L 2.3273623 0.4948819 2.5253937 0.4948819 0 P 0
L 2.3730276 0.5468457 2.3730276 0.5870032 0 P 0
L 2.3730276 0.5468457 2.6249962 0.5468457 0 P 0
L 2.3730276 0.5870032 2.5600356 0.5870032 0 P 0
L 2.3730276 0.8814916 2.3730276 0.9216491 0 P 0
L 2.3730276 0.8814916 2.5600356 0.8814916 0 P 0
L 2.3730276 0.9216491 2.6249962 0.9216491 0 P 0
L 2.4848387 0.7243541 2.4848387 0.7441407 0 P 0
L 2.4848387 0.7243541 2.5600356 0.7243541 0 P 0
L 2.4848387 0.7441407 2.5600356 0.7441407 0 P 0
L 2.5253937 0.2629921 2.5253937 0.3629921 0 P 0
L 2.5253937 0.3948819 2.5253937 0.4948819 0 P 0
L 2.5600356 0.5468457 2.5600356 0.7342474 0 P 0
L 2.5600356 0.7342474 2.5600356 0.9216491 0 P 0
L 2.6249962 0.5468457 2.6249962 0.9216491 0 P 0
L 2.6249962 0.6376619 2.7379884 0.6376619 0 P 0
L 2.6249962 0.8306014 2.7379884 0.8306014 0 P 0
L 2.7379884 0.6376617 2.7379884 0.8306014 0 P 0
L 2.7379884 0.6376619 2.7527522 0.6293261 0 P 0
L 2.7379884 0.8306014 2.7527522 0.8391685 0 P 0
L 2.7527522 0.6273576 2.7527522 0.8410464 0 P 0
L 2.7527522 0.6273576 2.7610593 0.6124363 0 P 0
L 2.7527522 0.8391685 2.7610593 0.6124363 0 P 0
L 2.7527522 0.8410464 2.7610593 0.8560585 0 P 0
L 2.7527522 0.8410464 2.7664924 0.6124363 0 P 0
L 2.7527522 0.8410464 2.7747995 0.6273576 0 P 0
L 2.7610593 0.6124363 2.7664924 0.6124363 0 P 0
L 2.7610593 0.8560585 2.7664924 0.8560585 0 P 0
L 2.7610593 0.8560585 2.7831066 0.6124363 0 P 0
L 2.7664924 0.6124363 2.7747995 0.6273576 0 P 0
L 2.7664924 0.8560585 2.7747995 0.8411372 0 P 0
L 2.7664924 0.8560585 2.7885396 0.6124363 0 P 0
L 2.7747995 0.6273576 2.7831066 0.6124363 0 P 0
L 2.7747995 0.8411372 2.7831066 0.8560585 0 P 0
L 2.7747995 0.8411372 2.7968467 0.6273576 0 P 0
L 2.7831066 0.6124363 2.7885396 0.6124363 0 P 0
L 2.7831066 0.8560585 2.7885396 0.8560585 0 P 0
L 2.7831066 0.8560585 2.8051538 0.6124363 0 P 0
L 2.7885396 0.6124363 2.7968467 0.6273576 0 P 0
L 2.7885396 0.8560585 2.7968467 0.8411372 0 P 0
L 2.7885396 0.8560585 2.8105869 0.6124363 0 P 0
L 2.7968467 0.6273576 2.8051538 0.6124363 0 P 0
L 2.7968467 0.8411372 2.8051538 0.8560585 0 P 0
L 2.7968467 0.8411372 2.818894 0.6273576 0 P 0
L 2.8051538 0.6124363 2.8105869 0.6124363 0 P 0
L 2.8051538 0.8560585 2.8105869 0.8560585 0 P 0
L 2.8051538 0.8560585 2.8272011 0.6124363 0 P 0
L 2.8105869 0.6124363 2.818894 0.6273576 0 P 0
L 2.8105869 0.8560585 2.818894 0.8411372 0 P 0
L 2.8105869 0.8560585 2.8326341 0.6124363 0 P 0
L 2.818894 0.6273576 2.8272011 0.6124363 0 P 0
L 2.818894 0.8411372 2.8272011 0.8560585 0 P 0
L 2.818894 0.8411372 2.8409412 0.6273576 0 P 0
L 2.8272011 0.6124363 2.8326341 0.6124363 0 P 0
L 2.8272011 0.8560585 2.8326341 0.8560585 0 P 0
L 2.8272011 0.8560585 2.8492483 0.6124363 0 P 0
L 2.8326341 0.6124363 2.8409412 0.6273576 0 P 0
L 2.8326341 0.8560585 2.8409412 0.8411372 0 P 0
L 2.8326341 0.8560585 2.8546814 0.6124363 0 P 0
L 2.8409412 0.6273576 2.8492483 0.6124363 0 P 0
L 2.8409412 0.8411372 2.8492483 0.8560585 0 P 0
L 2.8409412 0.8411372 2.8629885 0.6273576 0 P 0
L 2.8492483 0.6124363 2.8546814 0.6124363 0 P 0
L 2.8492483 0.8560585 2.8546814 0.8560585 0 P 0
L 2.8492483 0.8560585 2.8712956 0.6124363 0 P 0
L 2.8546814 0.6124363 2.8629885 0.6273576 0 P 0
L 2.8546814 0.8560585 2.8629885 0.8411372 0 P 0
L 2.8546814 0.8560585 2.8767287 0.6124363 0 P 0
L 2.8629885 0.6273576 2.8712956 0.6124363 0 P 0
L 2.8629885 0.8411372 2.8712956 0.8560585 0 P 0
L 2.8629885 0.8411372 2.8850358 0.6273576 0 P 0
L 2.8712956 0.6124363 2.8767287 0.6124363 0 P 0
L 2.8712956 0.8560585 2.8767287 0.8560585 0 P 0
L 2.8712956 0.8560585 2.8933428 0.6124363 0 P 0
L 2.8767287 0.6124363 2.8850358 0.6273576 0 P 0
L 2.8767287 0.8560585 2.8850358 0.8411372 0 P 0
L 2.8767287 0.8560585 2.8987759 0.6124363 0 P 0
L 2.8850358 0.6273576 2.8933428 0.6124363 0 P 0
L 2.8850358 0.8411372 2.8933428 0.8560585 0 P 0
L 2.8850358 0.8411372 2.907083 0.6293261 0 P 0
L 2.8933428 0.6124363 2.8987759 0.6124363 0 P 0
L 2.8933428 0.8560585 2.8987759 0.8560585 0 P 0
L 2.8933428 0.8560585 2.907083 0.6293261 0 P 0
L 2.8987759 0.6124363 2.907083 0.6293261 0 P 0
L 2.8987759 0.8560585 2.907083 0.6293261 0 P 0
L 2.8987759 0.8560585 2.907083 0.8411372 0 P 0
L 2.907083 0.6293261 2.907083 0.8411372 0 P 0
L 2.907083 0.6293261 2.9352326 0.6293261 0 P 0
L 2.907083 0.8391687 2.9352326 0.8391687 0 P 0
L 2.9352326 0.6293261 2.9352326 0.8391687 0 P 0
