#Layer_Color=16711935
#
#Feature symbol names
#
$0 r3.937

#
#Feature attribute names
#

#
#Layer features
#
L 1.4140842 0.4008103 1.4140842 0.4126213 0 P 0
L 1.4140842 0.4008103 1.421031 0.4008103 0 P 0
L 1.4140842 0.4126213 1.421031 0.4126213 0 P 0
L 1.4140842 0.4264009 1.4140842 0.4382119 0 P 0
L 1.4140842 0.4264009 1.421031 0.4264009 0 P 0
L 1.4140842 0.4382119 1.421031 0.4382119 0 P 0
L 1.4140842 0.4519914 1.4140842 0.4638024 0 P 0
L 1.4140842 0.4519914 1.421031 0.4519914 0 P 0
L 1.4140842 0.4638024 1.421031 0.4638024 0 P 0
L 1.4140842 0.477582 1.4140842 0.489393 0 P 0
L 1.4140842 0.477582 1.421031 0.477582 0 P 0
L 1.4140842 0.489393 1.421031 0.489393 0 P 0
L 1.4199897 0.3830938 1.4199897 0.4008103 0 P 0
L 1.4199897 0.3830938 1.4751078 0.3830938 0 P 0
L 1.4199897 0.4126213 1.4199897 0.4264009 0 P 0
L 1.4199897 0.4382119 1.4199897 0.4519914 0 P 0
L 1.4199897 0.4638024 1.4199897 0.477582 0 P 0
L 1.4199897 0.489393 1.4199897 0.5071095 0 P 0
L 1.4199897 0.5071095 1.4751078 0.5071095 0 P 0
L 1.421031 0.4008103 1.421031 0.4126213 0 P 0
L 1.421031 0.4264009 1.421031 0.4382119 0 P 0
L 1.421031 0.4519914 1.421031 0.4638024 0 P 0
L 1.421031 0.477582 1.421031 0.489393 0 P 0
L 1.4751078 0.3799442 1.4751078 0.3841351 0 P 0
L 1.4751078 0.3799442 1.4829818 0.3799442 0 P 0
L 1.4751078 0.3841351 1.4829818 0.3841351 0 P 0
L 1.4751078 0.5060682 1.4751078 0.5102591 0 P 0
L 1.4751078 0.5060682 1.4829818 0.5060682 0 P 0
L 1.4751078 0.5102591 1.4829818 0.5102591 0 P 0
L 1.4829818 0.3799442 1.4829818 0.3841351 0 P 0
L 1.4829818 0.3830938 1.5380999 0.3830938 0 P 0
L 1.4829818 0.5060682 1.4829818 0.5102591 0 P 0
L 1.4829818 0.5071095 1.5380999 0.5071095 0 P 0
L 1.5370586 0.4008103 1.5370586 0.4126213 0 P 0
L 1.5370586 0.4008103 1.5440054 0.4008103 0 P 0
L 1.5370586 0.4126213 1.5440054 0.4126213 0 P 0
L 1.5370586 0.4264009 1.5370586 0.4382119 0 P 0
L 1.5370586 0.4264009 1.5440054 0.4264009 0 P 0
L 1.5370586 0.4382119 1.5440054 0.4382119 0 P 0
L 1.5370586 0.4519914 1.5370586 0.4638024 0 P 0
L 1.5370586 0.4519914 1.5440054 0.4519914 0 P 0
L 1.5370586 0.4638024 1.5440054 0.4638024 0 P 0
L 1.5370586 0.477582 1.5370586 0.489393 0 P 0
L 1.5370586 0.477582 1.5440054 0.477582 0 P 0
L 1.5370586 0.489393 1.5440054 0.489393 0 P 0
L 1.5380999 0.3830938 1.5380999 0.4008103 0 P 0
L 1.5380999 0.4126213 1.5380999 0.4264009 0 P 0
L 1.5380999 0.4382119 1.5380999 0.4519914 0 P 0
L 1.5380999 0.4638024 1.5380999 0.477582 0 P 0
L 1.5380999 0.489393 1.5380999 0.5071095 0 P 0
L 1.5440054 0.4008103 1.5440054 0.4126213 0 P 0
L 1.5440054 0.4264009 1.5440054 0.4382119 0 P 0
L 1.5440054 0.4519914 1.5440054 0.4638024 0 P 0
L 1.5440054 0.477582 1.5440054 0.489393 0 P 0
