UNITS=MM
#Layer_Color=32768
#
#Feature symbol names
#
$0 r49.9999
$1 r99.9998

#
#Feature attribute names
#

#
#Layer features
#
L -0.27525472 12.24468468 -0.27525472 19.09968494 1 P 0
L -0.27525472 12.24468468 4.52474584 12.24468468 1 P 0
L -0.27525472 19.09968494 4.52474584 19.09968494 1 P 0
L 1.01400102 15.60032186 1.01400102 21.44232186 1 P 0
L 1.01400102 15.60032186 5.58600102 15.60032186 1 P 0
L 1.01400102 21.44232186 5.58600102 21.44232186 1 P 0
L 3.45000326 8.94644896 3.45000326 10.24644636 0 P 0
L 3.45000326 8.94644896 4.92500158 8.94644896 0 P 0
L 3.45000326 10.24644636 4.92500158 10.24644636 0 P 0
L 3.674999 9.6249998 4.67499954 9.6249998 1 P 0
L 4.17500054 9.1250008 4.17500054 10.12500134 1 P 0
L 4.52474584 12.24468468 4.52474584 19.09968494 1 P 0
L 4.92500158 8.94644896 4.92500158 10.24644636 0 P 0
L 5.58600102 15.60032186 5.58600102 21.44232186 1 P 0
L 6.8035551 7.82498816 6.8035551 9.29998648 0 P 0
L 6.8035551 7.82498816 8.1035525 7.82498816 0 P 0
L 6.8035551 9.29998648 8.1035525 9.29998648 0 P 0
L 6.92500012 8.5749892 7.92500066 8.5749892 1 P 0
L 7.32500186 5.47500048 7.32500186 7.47500156 0 P 0
L 7.32500186 5.47500048 10.82499994 5.47500048 0 P 0
L 7.32500186 7.47500156 10.82499994 7.47500156 0 P 0
L 7.42500166 8.0749902 7.42500166 9.07499074 1 P 0
L 8.1035525 7.82498816 8.1035525 9.29998648 0 P 0
L 8.5750019 6.47500102 9.5749999 6.47500102 0 P 0
L 8.77499896 13.75000044 8.77499896 22.00000172 0 P 0
L 8.77499896 13.75000044 17.02500024 13.75000044 0 P 0
L 8.77499896 22.00000172 17.02500024 22.00000172 0 P 0
L 9.0750009 5.97500202 9.0750009 6.97500002 0 P 0
L 10.82499994 5.47500048 10.82499994 7.47500156 0 P 0
L 17.02500024 13.75000044 17.02500024 22.00000172 0 P 0
L 17.97500088 20.02500186 17.97500088 21.9750005 0 P 0
L 17.97500088 20.02500186 21.4250016 20.02500186 0 P 0
L 17.97500088 21.9750005 21.4250016 21.9750005 0 P 0
L 19.6250306 8.30000118 19.6250306 11.79999926 0 P 0
L 19.6250306 8.30000118 25.92502816 8.30000118 0 P 0
L 19.6250306 11.79999926 25.92502816 11.79999926 0 P 0
L 20.27500136 14.7250023 20.27500136 22.1750001 0 P 0
L 20.27500136 14.7250023 25.77500052 14.7250023 0 P 0
L 20.27500136 22.1750001 25.77500052 22.1750001 0 P 0
L 21.4250016 20.02500186 21.4250016 21.9750005 0 P 0
L 21.74999968 0.45000164 21.74999968 3.94999972 0 P 0
L 21.74999968 0.45000164 23.75000076 0.45000164 0 P 0
L 21.74999968 3.94999972 23.75000076 3.94999972 0 P 0
L 22.25000122 2.20000068 23.24999922 2.20000068 0 P 0
L 22.73700304 13.62499942 22.73700304 15.6250005 0 P 0
L 22.73700304 13.62499942 25.18700068 13.62499942 0 P 0
L 22.73700304 15.6250005 25.18700068 15.6250005 0 P 0
L 22.75000022 1.70000168 22.75000022 2.69999968 0 P 0
L 23.75000076 0.45000164 23.75000076 3.94999972 0 P 0
L 25.18700068 13.62499942 25.18700068 15.6250005 0 P 0
L 25.77500052 14.7250023 25.77500052 22.1750001 0 P 0
L 25.92502816 8.30000118 25.92502816 11.79999926 0 P 0
L 26.79999974 0.4499991 26.79999974 3.94999718 0 P 0
L 26.79999974 0.4499991 28.80000082 0.4499991 0 P 0
L 26.79999974 3.94999718 28.80000082 3.94999718 0 P 0
L 27.30000128 2.19999814 28.29999928 2.19999814 0 P 0
L 27.7250017 17.97499834 27.7250017 19.97499942 0 P 0
L 27.7250017 17.97499834 31.22499978 17.97499834 0 P 0
L 27.7250017 19.97499942 31.22499978 19.97499942 0 P 0
L 27.80000028 1.69999914 27.80000028 2.69999714 0 P 0
L 27.85000018 9.19999938 27.85000018 11.20000046 0 P 0
L 27.85000018 9.19999938 31.34999826 9.19999938 0 P 0
L 27.85000018 11.20000046 31.34999826 11.20000046 0 P 0
L 28.80000082 0.4499991 28.80000082 3.94999718 0 P 0
L 28.97500174 18.97499888 29.97499974 18.97499888 0 P 0
L 29.10000022 10.19999992 30.09999822 10.19999992 0 P 0
L 29.2249987 -1.8250027 29.2249987 5.62500272 1 P 0
L 29.2249987 -1.8250027 31.18099936 -1.8250027 1 P 0
L 29.2249987 5.62500272 31.32499958 5.62500272 1 P 0
L 29.47500074 18.47499988 29.47500074 19.47499788 0 P 0
L 29.59999922 9.70000092 29.59999922 10.69999892 0 P 0
L 31.18099936 -9.70500726 31.18099936 -1.8250027 1 P 0
L 31.18099936 -9.70500726 37.86900224 -9.70500726 1 P 0
L 31.22499978 17.97499834 31.22499978 19.97499942 0 P 0
L 31.32499958 0.32499808 31.32499958 5.62500272 1 P 0
L 31.32499958 0.32499808 33.52500026 0.32499808 1 P 0
L 31.34999826 9.19999938 31.34999826 11.20000046 0 P 0
L 33.52500026 0.32499808 33.52500026 2.7750008 1 P 0
L 33.52500026 2.7750008 35.52500134 2.7750008 1 P 0
L 35.52500134 0.32499808 35.52500134 2.7750008 1 P 0
L 35.52500134 0.32499808 37.72500202 0.32499808 1 P 0
L 37.72500202 0.32499808 37.72500202 5.62500272 1 P 0
L 37.72500202 5.62500272 39.8250029 5.62500272 1 P 0
L 37.86900224 -1.8250027 39.8250029 -1.8250027 1 P 0
L 37.86900224 -9.70500726 37.86900224 -1.8250027 1 P 0
L 38.32498812 10.92499974 38.32498812 12.92500082 0 P 0
L 38.32498812 10.92499974 41.8249862 10.92499974 0 P 0
L 38.32498812 12.92500082 41.8249862 12.92500082 0 P 0
L 38.49999666 7.05000114 38.49999666 10.74999882 0 P 0
L 38.49999666 7.05000114 41.99999474 7.05000114 0 P 0
L 38.49999666 10.74999882 41.99999474 10.74999882 0 P 0
L 39.57498816 11.92500028 40.57498616 11.92500028 0 P 0
L 39.8250029 -1.8250027 39.8250029 5.62500272 1 P 0
L 40.07498716 11.42500128 40.07498716 12.42499928 0 P 0
L 41.8249862 10.92499974 41.8249862 12.92500082 0 P 0
L 41.99999474 7.05000114 41.99999474 10.74999882 0 P 0
L 42.57499994 8.41000096 42.57499994 11.90999904 0 P 0
L 42.57499994 8.41000096 46.27499762 8.41000096 0 P 0
L 42.57499994 11.90999904 46.27499762 11.90999904 0 P 0
L 45.89999964 18.87500162 45.89999964 20.72500046 0 P 0
L 45.89999964 18.87500162 49.25000056 18.87500162 0 P 0
L 45.89999964 19.02499878 45.89999964 20.52500086 0 P 0
L 45.89999964 19.02499878 48.89999872 19.02499878 0 P 0
L 45.89999964 20.52500086 48.89999872 20.52500086 0 P 0
L 45.89999964 20.72500046 49.25000056 20.72500046 0 P 0
L 45.89999964 21.12499966 45.89999964 22.62500174 0 P 0
L 45.89999964 21.12499966 48.89999872 21.12499966 0 P 0
L 45.89999964 22.62500174 48.89999872 22.62500174 0 P 0
L 45.92499832 20.97499996 45.92499832 22.8249988 0 P 0
L 45.92499832 20.97499996 49.27499924 20.97499996 0 P 0
L 45.92499832 22.8249988 49.27499924 22.8249988 0 P 0
L 46.27499762 8.41000096 46.27499762 11.90999904 0 P 0
L 46.45000108 7.20000084 46.45000108 16.20000316 0 P 0
L 46.45000108 7.20000084 53.45000232 7.20000084 0 P 0
L 46.45000108 16.20000316 53.45000232 16.20000316 0 P 0
L 47.09999978 19.77499982 47.69999858 19.77499982 0 P 0
L 47.09999978 21.8750007 47.69999858 21.8750007 0 P 0
L 47.39999918 19.47500042 47.39999918 20.07499922 0 P 0
L 47.39999918 21.5750013 47.39999918 22.1750001 0 P 0
L 47.62499746 -1.8750026 47.62499746 5.57500282 1 P 0
L 47.62499746 -1.8750026 49.58099812 -1.8750026 1 P 0
L 47.62499746 5.57500282 49.72499834 5.57500282 1 P 0
L 48.89999872 19.02499878 48.89999872 20.52500086 0 P 0
L 48.89999872 21.12499966 48.89999872 22.62500174 0 P 0
L 49.25000056 18.87500162 49.25000056 20.72500046 0 P 0
L 49.27499924 20.97499996 49.27499924 22.8249988 0 P 0
L 49.58099812 -9.75500716 49.58099812 -1.8750026 1 P 0
L 49.58099812 -9.75500716 56.269001 -9.75500716 1 P 0
L 49.72499834 0.27499818 49.72499834 5.57500282 1 P 0
L 49.72499834 0.27499818 51.92499902 0.27499818 1 P 0
L 50.70002052 18.8000005 50.70002052 20.64999934 0 P 0
L 50.70002052 18.8000005 54.05002144 18.8000005 0 P 0
L 50.70002052 20.64999934 54.05002144 20.64999934 0 P 0
L 50.70002052 20.97499996 50.70002052 22.8249988 0 P 0
L 50.70002052 20.97499996 54.05002144 20.97499996 0 P 0
L 50.70002052 22.8249988 54.05002144 22.8249988 0 P 0
L 51.60000094 19.4999991 51.60000094 21.00000118 0 P 0
L 51.60000094 19.4999991 54.60000002 19.4999991 0 P 0
L 51.60000094 21.00000118 54.60000002 21.00000118 0 P 0
L 51.60000094 21.14999834 51.60000094 22.65000042 0 P 0
L 51.60000094 21.14999834 54.60000002 21.14999834 0 P 0
L 51.60000094 22.65000042 54.60000002 22.65000042 0 P 0
L 51.92499902 0.27499818 51.92499902 2.7250009 1 P 0
L 51.92499902 2.7250009 53.9250001 2.7250009 1 P 0
L 52.80000108 20.25000014 53.39999988 20.25000014 0 P 0
L 52.80000108 21.89999938 53.39999988 21.89999938 0 P 0
L 53.10000048 19.95000074 53.10000048 20.54999954 0 P 0
L 53.10000048 21.59999998 53.10000048 22.19999878 0 P 0
L 53.45000232 7.20000084 53.45000232 16.20000316 0 P 0
L 53.60025348 7.37500176 53.60025348 10.87499984 0 P 0
L 53.60025348 7.37500176 57.30025116 7.37500176 0 P 0
L 53.60025348 10.87499984 57.30025116 10.87499984 0 P 0
L 53.9250001 0.27499818 53.9250001 2.7250009 1 P 0
L 53.9250001 0.27499818 56.12500078 0.27499818 1 P 0
L 54.05002144 18.8000005 54.05002144 20.64999934 0 P 0
L 54.05002144 20.97499996 54.05002144 22.8249988 0 P 0
L 54.60000002 19.4999991 54.60000002 21.00000118 0 P 0
L 54.60000002 21.14999834 54.60000002 22.65000042 0 P 0
L 56.12500078 0.27499818 56.12500078 5.57500282 1 P 0
L 56.12500078 5.57500282 58.22500166 5.57500282 1 P 0
L 56.269001 -1.8750026 58.22500166 -1.8750026 1 P 0
L 56.269001 -9.75500716 56.269001 -1.8750026 1 P 0
L 57.30025116 7.37500176 57.30025116 10.87499984 0 P 0
L 58.22500166 -1.8750026 58.22500166 5.57500282 1 P 0
L 58.59999964 18.12500058 58.59999964 21.6750011 0 P 0
L 58.59999964 18.12500058 62.8000014 18.12500058 0 P 0
L 58.59999964 21.6750011 62.8000014 21.6750011 0 P 0
L 62.8000014 18.12500058 62.8000014 21.6750011 0 P 0
